[OBJECT S
    [POLYGON [PLANE -0.15638647043136 0.024769183593601 -0.9873853145607 2.1063879159592] 	3
	[[NORMAL 0 0 -1] 1 1 2]
	[[NORMAL -0.30901699437495 1.1102230246252e-16 -0.95105651629515] 1.3090169943749 1 1.9510565162952]
	[[NORMAL -0.29389262614624 0.095491502812526 -0.95105651629515] 1.2938926261462 0.90450849718747 1.9510565162952]
    ]
    [POLYGON [PLANE -0.14107827309693 0.071882970513611 -0.9873853145607 2.0439659317047] 	3
	[[NORMAL 0 0 -1] 1 1 2]
	[[NORMAL -0.29389262614624 0.095491502812526 -0.95105651629515] 1.2938926261462 0.90450849718747 1.9510565162952]
	[[NORMAL -0.25 0.18163563200134 -0.95105651629515] 1.25 0.81836436799866 1.9510565162952]
    ]
    [POLYGON [PLANE -0.11196035144164 0.11196035144164 -0.9873853145607 1.9747706291214] 	3
	[[NORMAL 0 0 -1] 1 1 2]
	[[NORMAL -0.25 0.18163563200134 -0.95105651629515] 1.25 0.81836436799866 1.9510565162952]
	[[NORMAL -0.18163563200134 0.25 -0.95105651629515] 1.1816356320013 0.75 1.9510565162952]
    ]
    [POLYGON [PLANE -0.071882970513611 0.14107827309693 -0.9873853145607 1.9055753265381] 	3
	[[NORMAL 0 0 -1] 1 1 2]
	[[NORMAL -0.18163563200134 0.25 -0.95105651629515] 1.1816356320013 0.75 1.9510565162952]
	[[NORMAL -0.095491502812526 0.29389262614624 -0.95105651629515] 1.0954915028125 0.70610737385376 1.9510565162952]
    ]
    [POLYGON [PLANE -0.024769183593601 0.15638647043136 -0.9873853145607 1.8431533422836] 	3
	[[NORMAL 0 0 -1] 1 1 2]
	[[NORMAL -0.095491502812526 0.29389262614624 -0.95105651629515] 1.0954915028125 0.70610737385376 1.9510565162952]
	[[NORMAL 1.1102230246252e-16 0.30901699437495 -0.95105651629515] 1 0.69098300562505 1.9510565162952]
    ]
    [POLYGON [PLANE 0.024769183593601 0.15638647043136 -0.9873853145607 1.7936149750964] 	3
	[[NORMAL 0 0 -1] 1 1 2]
	[[NORMAL 1.1102230246252e-16 0.30901699437495 -0.95105651629515] 1 0.69098300562505 1.9510565162952]
	[[NORMAL 0.095491502812526 0.29389262614624 -0.95105651629515] 0.90450849718747 0.70610737385376 1.9510565162952]
    ]
    [POLYGON [PLANE 0.071882970513611 0.14107827309693 -0.9873853145607 1.7618093855109] 	3
	[[NORMAL 0 0 -1] 1 1 2]
	[[NORMAL 0.095491502812526 0.29389262614624 -0.95105651629515] 0.90450849718747 0.70610737385376 1.9510565162952]
	[[NORMAL 0.18163563200134 0.25 -0.95105651629515] 0.81836436799866 0.75 1.9510565162952]
    ]
    [POLYGON [PLANE 0.11196035144164 0.11196035144164 -0.9873853145607 1.7508499262381] 	3
	[[NORMAL 0 0 -1] 1 1 2]
	[[NORMAL 0.18163563200134 0.25 -0.95105651629515] 0.81836436799866 0.75 1.9510565162952]
	[[NORMAL 0.25 0.18163563200134 -0.95105651629515] 0.75 0.81836436799866 1.9510565162952]
    ]
    [POLYGON [PLANE 0.14107827309693 0.071882970513611 -0.9873853145607 1.7618093855109] 	3
	[[NORMAL 0 0 -1] 1 1 2]
	[[NORMAL 0.25 0.18163563200134 -0.95105651629515] 0.75 0.81836436799866 1.9510565162952]
	[[NORMAL 0.29389262614624 0.095491502812526 -0.95105651629515] 0.70610737385376 0.90450849718747 1.9510565162952]
    ]
    [POLYGON [PLANE 0.15638647043136 0.024769183593601 -0.9873853145607 1.7936149750964] 	3
	[[NORMAL 0 0 -1] 1 1 2]
	[[NORMAL 0.29389262614624 0.095491502812526 -0.95105651629515] 0.70610737385376 0.90450849718747 1.9510565162952]
	[[NORMAL 0.30901699437495 0 -0.95105651629515] 0.69098300562505 1 1.9510565162952]
    ]
    [POLYGON [PLANE 0.15638647043136 -0.024769183593601 -0.9873853145607 1.8431533422836] 	3
	[[NORMAL 0 0 -1] 1 1 2]
	[[NORMAL 0.30901699437495 0 -0.95105651629515] 0.69098300562505 1 1.9510565162952]
	[[NORMAL 0.29389262614624 -0.095491502812526 -0.95105651629515] 0.70610737385376 1.0954915028125 1.9510565162952]
    ]
    [POLYGON [PLANE 0.14107827309693 -0.071882970513611 -0.9873853145607 1.9055753265381] 	3
	[[NORMAL 0 0 -1] 1 1 2]
	[[NORMAL 0.29389262614624 -0.095491502812526 -0.95105651629515] 0.70610737385376 1.0954915028125 1.9510565162952]
	[[NORMAL 0.25 -0.18163563200134 -0.95105651629515] 0.75 1.1816356320013 1.9510565162952]
    ]
    [POLYGON [PLANE 0.11196035144164 -0.11196035144164 -0.9873853145607 1.9747706291214] 	3
	[[NORMAL 0 0 -1] 1 1 2]
	[[NORMAL 0.25 -0.18163563200134 -0.95105651629515] 0.75 1.1816356320013 1.9510565162952]
	[[NORMAL 0.18163563200134 -0.25 -0.95105651629515] 0.81836436799866 1.25 1.9510565162952]
    ]
    [POLYGON [PLANE 0.071882970513611 -0.14107827309693 -0.9873853145607 2.0439659317047] 	3
	[[NORMAL 0 0 -1] 1 1 2]
	[[NORMAL 0.18163563200134 -0.25 -0.95105651629515] 0.81836436799866 1.25 1.9510565162952]
	[[NORMAL 0.095491502812526 -0.29389262614624 -0.95105651629515] 0.90450849718747 1.2938926261462 1.9510565162952]
    ]
    [POLYGON [PLANE 0.024769183593601 -0.15638647043136 -0.9873853145607 2.1063879159592] 	3
	[[NORMAL 0 0 -1] 1 1 2]
	[[NORMAL 0.095491502812526 -0.29389262614624 -0.95105651629515] 0.90450849718747 1.2938926261462 1.9510565162952]
	[[NORMAL 0 -0.30901699437495 -0.95105651629515] 1 1.3090169943749 1.9510565162952]
    ]
    [POLYGON [PLANE -0.024769183593601 -0.15638647043136 -0.9873853145607 2.1559262831464] 	3
	[[NORMAL 0 0 -1] 1 1 2]
	[[NORMAL 0 -0.30901699437495 -0.95105651629515] 1 1.3090169943749 1.9510565162952]
	[[NORMAL -0.095491502812526 -0.29389262614624 -0.95105651629515] 1.0954915028125 1.2938926261462 1.9510565162952]
    ]
    [POLYGON [PLANE -0.071882970513611 -0.14107827309693 -0.9873853145607 2.1877318727319] 	3
	[[NORMAL 0 0 -1] 1 1 2]
	[[NORMAL -0.095491502812526 -0.29389262614624 -0.95105651629515] 1.0954915028125 1.2938926261462 1.9510565162952]
	[[NORMAL -0.18163563200134 -0.25 -0.95105651629515] 1.1816356320013 1.25 1.9510565162952]
    ]
    [POLYGON [PLANE -0.11196035144164 -0.11196035144164 -0.9873853145607 2.1986913320047] 	3
	[[NORMAL 0 0 -1] 1 1 2]
	[[NORMAL -0.18163563200134 -0.25 -0.95105651629515] 1.1816356320013 1.25 1.9510565162952]
	[[NORMAL -0.25 -0.18163563200134 -0.95105651629515] 1.25 1.1816356320013 1.9510565162952]
    ]
    [POLYGON [PLANE -0.14107827309693 -0.071882970513611 -0.9873853145607 2.1877318727319] 	3
	[[NORMAL 0 0 -1] 1 1 2]
	[[NORMAL -0.25 -0.18163563200134 -0.95105651629515] 1.25 1.1816356320013 1.9510565162952]
	[[NORMAL -0.29389262614624 -0.095491502812526 -0.95105651629515] 1.2938926261462 1.0954915028125 1.9510565162952]
    ]
    [POLYGON [PLANE -0.15638647043136 -0.024769183593601 -0.9873853145607 2.1559262831464] 	3
	[[NORMAL 0 0 -1] 1 1 2]
	[[NORMAL -0.29389262614624 -0.095491502812526 -0.95105651629515] 1.2938926261462 1.0954915028125 1.9510565162952]
	[[NORMAL -0.30901699437495 0 -0.95105651629515] 1.3090169943749 1 1.9510565162952]
    ]
    [POLYGON [PLANE -0.45282139015821 0.071719862447187 -0.88871201744195 2.2549584054263] 	4
	[[NORMAL -0.58778525229247 1.1102230246252e-16 -0.80901699437495] 1.5877852522925 1 1.8090169943749]
	[[NORMAL -0.55901699437495 0.18163563200134 -0.80901699437495] 1.5590169943749 0.81836436799866 1.8090169943749]
	[[NORMAL -0.29389262614624 0.095491502812526 -0.95105651629515] 1.2938926261462 0.90450849718747 1.9510565162952]
	[[NORMAL -0.30901699437495 1.1102230246252e-16 -0.95105651629515] 1.3090169943749 1 1.9510565162952]
    ]
    [POLYGON [PLANE -0.40849607749738 0.20813914750356 -0.88871201744195 2.0742138077091] 	4
	[[NORMAL -0.55901699437495 0.18163563200134 -0.80901699437495] 1.5590169943749 0.81836436799866 1.8090169943749]
	[[NORMAL -0.47552825814758 0.34549150281253 -0.80901699437495] 1.4755282581476 0.65450849718747 1.8090169943749]
	[[NORMAL -0.25 0.18163563200134 -0.95105651629515] 1.25 0.81836436799866 1.9510565162952]
	[[NORMAL -0.29389262614624 0.095491502812526 -0.95105651629515] 1.2938926261462 0.90450849718747 1.9510565162952]
    ]
    [POLYGON [PLANE -0.32418432261158 0.32418432261158 -0.88871201744195 1.8738568777153] 	4
	[[NORMAL -0.47552825814758 0.34549150281253 -0.80901699437495] 1.4755282581476 0.65450849718747 1.8090169943749]
	[[NORMAL -0.34549150281253 0.47552825814758 -0.80901699437495] 1.3454915028125 0.52447174185242 1.8090169943749]
	[[NORMAL -0.18163563200134 0.25 -0.95105651629515] 1.1816356320013 0.75 1.9510565162952]
	[[NORMAL -0.25 0.18163563200134 -0.95105651629515] 1.25 0.81836436799866 1.9510565162952]
    ]
    [POLYGON [PLANE -0.20813914750356 0.40849607749738 -0.88871201744195 1.6734999477215] 	4
	[[NORMAL -0.34549150281253 0.47552825814758 -0.80901699437495] 1.3454915028125 0.52447174185242 1.8090169943749]
	[[NORMAL -0.18163563200134 0.55901699437495 -0.80901699437495] 1.1816356320013 0.44098300562505 1.8090169943749]
	[[NORMAL -0.095491502812526 0.29389262614624 -0.95105651629515] 1.0954915028125 0.70610737385376 1.9510565162952]
	[[NORMAL -0.18163563200134 0.25 -0.95105651629515] 1.1816356320013 0.75 1.9510565162952]
    ]
    [POLYGON [PLANE -0.071719862447187 0.45282139015821 -0.88871201744195 1.4927553500043] 	4
	[[NORMAL -0.18163563200134 0.55901699437495 -0.80901699437495] 1.1816356320013 0.44098300562505 1.8090169943749]
	[[NORMAL 1.1102230246252e-16 0.58778525229247 -0.80901699437495] 1 0.41221474770753 1.8090169943749]
	[[NORMAL 1.1102230246252e-16 0.30901699437495 -0.95105651629515] 1 0.69098300562505 1.9510565162952]
	[[NORMAL -0.095491502812526 0.29389262614624 -0.95105651629515] 1.0954915028125 0.70610737385376 1.9510565162952]
    ]
    [POLYGON [PLANE 0.071719862447187 0.45282139015821 -0.88871201744195 1.3493156251099] 	4
	[[NORMAL 1.1102230246252e-16 0.58778525229247 -0.80901699437495] 1 0.41221474770753 1.8090169943749]
	[[NORMAL 0.18163563200134 0.55901699437495 -0.80901699437495] 0.81836436799866 0.44098300562505 1.8090169943749]
	[[NORMAL 0.095491502812526 0.29389262614624 -0.95105651629515] 0.90450849718747 0.70610737385376 1.9510565162952]
	[[NORMAL 1.1102230246252e-16 0.30901699437495 -0.95105651629515] 1 0.69098300562505 1.9510565162952]
    ]
    [POLYGON [PLANE 0.20813914750356 0.40849607749738 -0.88871201744195 1.2572216527144] 	4
	[[NORMAL 0.18163563200134 0.55901699437495 -0.80901699437495] 0.81836436799866 0.44098300562505 1.8090169943749]
	[[NORMAL 0.34549150281253 0.47552825814758 -0.80901699437495] 0.65450849718747 0.52447174185242 1.8090169943749]
	[[NORMAL 0.18163563200134 0.25 -0.95105651629515] 0.81836436799866 0.75 1.9510565162952]
	[[NORMAL 0.095491502812526 0.29389262614624 -0.95105651629515] 0.90450849718747 0.70610737385376 1.9510565162952]
    ]
    [POLYGON [PLANE 0.32418432261158 0.32418432261158 -0.88871201744195 1.2254882324921] 	4
	[[NORMAL 0.34549150281253 0.47552825814758 -0.80901699437495] 0.65450849718747 0.52447174185242 1.8090169943749]
	[[NORMAL 0.47552825814758 0.34549150281253 -0.80901699437495] 0.52447174185242 0.65450849718747 1.8090169943749]
	[[NORMAL 0.25 0.18163563200134 -0.95105651629515] 0.75 0.81836436799866 1.9510565162952]
	[[NORMAL 0.18163563200134 0.25 -0.95105651629515] 0.81836436799866 0.75 1.9510565162952]
    ]
    [POLYGON [PLANE 0.40849607749738 0.20813914750356 -0.88871201744195 1.2572216527144] 	4
	[[NORMAL 0.47552825814758 0.34549150281253 -0.80901699437495] 0.52447174185242 0.65450849718747 1.8090169943749]
	[[NORMAL 0.55901699437495 0.18163563200134 -0.80901699437495] 0.44098300562505 0.81836436799866 1.8090169943749]
	[[NORMAL 0.29389262614624 0.095491502812526 -0.95105651629515] 0.70610737385376 0.90450849718747 1.9510565162952]
	[[NORMAL 0.25 0.18163563200134 -0.95105651629515] 0.75 0.81836436799866 1.9510565162952]
    ]
    [POLYGON [PLANE 0.45282139015821 0.071719862447187 -0.88871201744195 1.3493156251099] 	4
	[[NORMAL 0.55901699437495 0.18163563200134 -0.80901699437495] 0.44098300562505 0.81836436799866 1.8090169943749]
	[[NORMAL 0.58778525229247 0 -0.80901699437495] 0.41221474770753 1 1.8090169943749]
	[[NORMAL 0.30901699437495 0 -0.95105651629515] 0.69098300562505 1 1.9510565162952]
	[[NORMAL 0.29389262614624 0.095491502812526 -0.95105651629515] 0.70610737385376 0.90450849718747 1.9510565162952]
    ]
    [POLYGON [PLANE 0.45282139015821 -0.071719862447187 -0.88871201744195 1.4927553500043] 	4
	[[NORMAL 0.58778525229247 0 -0.80901699437495] 0.41221474770753 1 1.8090169943749]
	[[NORMAL 0.55901699437495 -0.18163563200134 -0.80901699437495] 0.44098300562505 1.1816356320013 1.8090169943749]
	[[NORMAL 0.29389262614624 -0.095491502812526 -0.95105651629515] 0.70610737385376 1.0954915028125 1.9510565162952]
	[[NORMAL 0.30901699437495 0 -0.95105651629515] 0.69098300562505 1 1.9510565162952]
    ]
    [POLYGON [PLANE 0.40849607749738 -0.20813914750356 -0.88871201744195 1.6734999477215] 	4
	[[NORMAL 0.55901699437495 -0.18163563200134 -0.80901699437495] 0.44098300562505 1.1816356320013 1.8090169943749]
	[[NORMAL 0.47552825814758 -0.34549150281253 -0.80901699437495] 0.52447174185242 1.3454915028125 1.8090169943749]
	[[NORMAL 0.25 -0.18163563200134 -0.95105651629515] 0.75 1.1816356320013 1.9510565162952]
	[[NORMAL 0.29389262614624 -0.095491502812526 -0.95105651629515] 0.70610737385376 1.0954915028125 1.9510565162952]
    ]
    [POLYGON [PLANE 0.32418432261158 -0.32418432261158 -0.88871201744195 1.8738568777153] 	4
	[[NORMAL 0.47552825814758 -0.34549150281253 -0.80901699437495] 0.52447174185242 1.3454915028125 1.8090169943749]
	[[NORMAL 0.34549150281253 -0.47552825814758 -0.80901699437495] 0.65450849718747 1.4755282581476 1.8090169943749]
	[[NORMAL 0.18163563200134 -0.25 -0.95105651629515] 0.81836436799866 1.25 1.9510565162952]
	[[NORMAL 0.25 -0.18163563200134 -0.95105651629515] 0.75 1.1816356320013 1.9510565162952]
    ]
    [POLYGON [PLANE 0.20813914750356 -0.40849607749738 -0.88871201744195 2.0742138077091] 	4
	[[NORMAL 0.34549150281253 -0.47552825814758 -0.80901699437495] 0.65450849718747 1.4755282581476 1.8090169943749]
	[[NORMAL 0.18163563200134 -0.55901699437495 -0.80901699437495] 0.81836436799866 1.5590169943749 1.8090169943749]
	[[NORMAL 0.095491502812526 -0.29389262614624 -0.95105651629515] 0.90450849718747 1.2938926261462 1.9510565162952]
	[[NORMAL 0.18163563200134 -0.25 -0.95105651629515] 0.81836436799866 1.25 1.9510565162952]
    ]
    [POLYGON [PLANE 0.071719862447187 -0.45282139015821 -0.88871201744195 2.2549584054263] 	4
	[[NORMAL 0.18163563200134 -0.55901699437495 -0.80901699437495] 0.81836436799866 1.5590169943749 1.8090169943749]
	[[NORMAL 0 -0.58778525229247 -0.80901699437495] 1 1.5877852522925 1.8090169943749]
	[[NORMAL 0 -0.30901699437495 -0.95105651629515] 1 1.3090169943749 1.9510565162952]
	[[NORMAL 0.095491502812526 -0.29389262614624 -0.95105651629515] 0.90450849718747 1.2938926261462 1.9510565162952]
    ]
    [POLYGON [PLANE -0.071719862447187 -0.45282139015821 -0.88871201744195 2.3983981303207] 	4
	[[NORMAL 0 -0.58778525229247 -0.80901699437495] 1 1.5877852522925 1.8090169943749]
	[[NORMAL -0.18163563200134 -0.55901699437495 -0.80901699437495] 1.1816356320013 1.5590169943749 1.8090169943749]
	[[NORMAL -0.095491502812526 -0.29389262614624 -0.95105651629515] 1.0954915028125 1.2938926261462 1.9510565162952]
	[[NORMAL 0 -0.30901699437495 -0.95105651629515] 1 1.3090169943749 1.9510565162952]
    ]
    [POLYGON [PLANE -0.20813914750356 -0.40849607749738 -0.88871201744195 2.4904921027163] 	4
	[[NORMAL -0.18163563200134 -0.55901699437495 -0.80901699437495] 1.1816356320013 1.5590169943749 1.8090169943749]
	[[NORMAL -0.34549150281253 -0.47552825814758 -0.80901699437495] 1.3454915028125 1.4755282581476 1.8090169943749]
	[[NORMAL -0.18163563200134 -0.25 -0.95105651629515] 1.1816356320013 1.25 1.9510565162952]
	[[NORMAL -0.095491502812526 -0.29389262614624 -0.95105651629515] 1.0954915028125 1.2938926261462 1.9510565162952]
    ]
    [POLYGON [PLANE -0.32418432261158 -0.32418432261158 -0.88871201744195 2.5222255229385] 	4
	[[NORMAL -0.34549150281253 -0.47552825814758 -0.80901699437495] 1.3454915028125 1.4755282581476 1.8090169943749]
	[[NORMAL -0.47552825814758 -0.34549150281253 -0.80901699437495] 1.4755282581476 1.3454915028125 1.8090169943749]
	[[NORMAL -0.25 -0.18163563200134 -0.95105651629515] 1.25 1.1816356320013 1.9510565162952]
	[[NORMAL -0.18163563200134 -0.25 -0.95105651629515] 1.1816356320013 1.25 1.9510565162952]
    ]
    [POLYGON [PLANE -0.40849607749738 -0.20813914750356 -0.88871201744195 2.4904921027163] 	4
	[[NORMAL -0.47552825814758 -0.34549150281253 -0.80901699437495] 1.4755282581476 1.3454915028125 1.8090169943749]
	[[NORMAL -0.55901699437495 -0.18163563200134 -0.80901699437495] 1.5590169943749 1.1816356320013 1.8090169943749]
	[[NORMAL -0.29389262614624 -0.095491502812526 -0.95105651629515] 1.2938926261462 1.0954915028125 1.9510565162952]
	[[NORMAL -0.25 -0.18163563200134 -0.95105651629515] 1.25 1.1816356320013 1.9510565162952]
    ]
    [POLYGON [PLANE -0.45282139015821 -0.071719862447187 -0.88871201744195 2.3983981303207] 	4
	[[NORMAL -0.55901699437495 -0.18163563200134 -0.80901699437495] 1.5590169943749 1.1816356320013 1.8090169943749]
	[[NORMAL -0.58778525229247 0 -0.80901699437495] 1.5877852522925 1 1.8090169943749]
	[[NORMAL -0.30901699437495 0 -0.95105651629515] 1.3090169943749 1 1.9510565162952]
	[[NORMAL -0.29389262614624 -0.095491502812526 -0.95105651629515] 1.2938926261462 1.0954915028125 1.9510565162952]
    ]
    [POLYGON [PLANE -0.70271351130156 0.11129888619599 -0.70271351130156 2.2756799477567] 	4
	[[NORMAL -0.80901699437495 2.2204460492503e-16 -0.58778525229247] 1.8090169943749 1 1.5877852522925]
	[[NORMAL -0.76942088429381 0.25 -0.58778525229247] 1.7694208842938 0.75 1.5877852522925]
	[[NORMAL -0.55901699437495 0.18163563200134 -0.80901699437495] 1.5590169943749 0.81836436799866 1.8090169943749]
	[[NORMAL -0.58778525229247 1.1102230246252e-16 -0.80901699437495] 1.5877852522925 1 1.8090169943749]
    ]
    [POLYGON [PLANE -0.63392701672243 0.32300194814216 -0.70271351130156 1.9951903912314] 	4
	[[NORMAL -0.76942088429381 0.25 -0.58778525229247] 1.7694208842938 0.75 1.5877852522925]
	[[NORMAL -0.65450849718747 0.47552825814758 -0.58778525229247] 1.6545084971875 0.52447174185242 1.5877852522925]
	[[NORMAL -0.47552825814758 0.34549150281253 -0.80901699437495] 1.4755282581476 0.65450849718747 1.8090169943749]
	[[NORMAL -0.55901699437495 0.18163563200134 -0.80901699437495] 1.5590169943749 0.81836436799866 1.8090169943749]
    ]
    [POLYGON [PLANE -0.50308732891727 0.50308732891727 -0.70271351130156 1.6842653226511] 	4
	[[NORMAL -0.65450849718747 0.47552825814758 -0.58778525229247] 1.6545084971875 0.52447174185242 1.5877852522925]
	[[NORMAL -0.47552825814758 0.65450849718747 -0.58778525229247] 1.4755282581476 0.34549150281253 1.5877852522925]
	[[NORMAL -0.34549150281253 0.47552825814758 -0.80901699437495] 1.3454915028125 0.52447174185242 1.8090169943749]
	[[NORMAL -0.47552825814758 0.34549150281253 -0.80901699437495] 1.4755282581476 0.65450849718747 1.8090169943749]
    ]
    [POLYGON [PLANE -0.32300194814216 0.63392701672243 -0.70271351130156 1.3733402540709] 	4
	[[NORMAL -0.47552825814758 0.65450849718747 -0.58778525229247] 1.4755282581476 0.34549150281253 1.5877852522925]
	[[NORMAL -0.25 0.76942088429381 -0.58778525229247] 1.25 0.23057911570619 1.5877852522925]
	[[NORMAL -0.18163563200134 0.55901699437495 -0.80901699437495] 1.1816356320013 0.44098300562505 1.8090169943749]
	[[NORMAL -0.34549150281253 0.47552825814758 -0.80901699437495] 1.3454915028125 0.52447174185242 1.8090169943749]
    ]
    [POLYGON [PLANE -0.11129888619599 0.70271351130156 -0.70271351130156 1.0928506975456] 	4
	[[NORMAL -0.25 0.76942088429381 -0.58778525229247] 1.25 0.23057911570619 1.5877852522925]
	[[NORMAL 1.1102230246252e-16 0.80901699437495 -0.58778525229247] 1 0.19098300562505 1.5877852522925]
	[[NORMAL 1.1102230246252e-16 0.58778525229247 -0.80901699437495] 1 0.41221474770753 1.8090169943749]
	[[NORMAL -0.18163563200134 0.55901699437495 -0.80901699437495] 1.1816356320013 0.44098300562505 1.8090169943749]
    ]
    [POLYGON [PLANE 0.11129888619599 0.70271351130156 -0.70271351130156 0.87025292515358] 	4
	[[NORMAL 1.1102230246252e-16 0.80901699437495 -0.58778525229247] 1 0.19098300562505 1.5877852522925]
	[[NORMAL 0.25 0.76942088429381 -0.58778525229247] 0.75 0.23057911570619 1.5877852522925]
	[[NORMAL 0.18163563200134 0.55901699437495 -0.80901699437495] 0.81836436799866 0.44098300562505 1.8090169943749]
	[[NORMAL 1.1102230246252e-16 0.58778525229247 -0.80901699437495] 1 0.41221474770753 1.8090169943749]
    ]
    [POLYGON [PLANE 0.32300194814216 0.63392701672243 -0.70271351130156 0.72733635778654] 	4
	[[NORMAL 0.25 0.76942088429381 -0.58778525229247] 0.75 0.23057911570619 1.5877852522925]
	[[NORMAL 0.47552825814758 0.65450849718747 -0.58778525229247] 0.52447174185242 0.34549150281253 1.5877852522925]
	[[NORMAL 0.34549150281253 0.47552825814758 -0.80901699437495] 0.65450849718747 0.52447174185242 1.8090169943749]
	[[NORMAL 0.18163563200134 0.55901699437495 -0.80901699437495] 0.81836436799866 0.44098300562505 1.8090169943749]
    ]
    [POLYGON [PLANE 0.50308732891727 0.50308732891727 -0.70271351130156 0.67809066481658] 	4
	[[NORMAL 0.47552825814758 0.65450849718747 -0.58778525229247] 0.52447174185242 0.34549150281253 1.5877852522925]
	[[NORMAL 0.65450849718747 0.47552825814758 -0.58778525229247] 0.34549150281253 0.52447174185242 1.5877852522925]
	[[NORMAL 0.47552825814758 0.34549150281253 -0.80901699437495] 0.52447174185242 0.65450849718747 1.8090169943749]
	[[NORMAL 0.34549150281253 0.47552825814758 -0.80901699437495] 0.65450849718747 0.52447174185242 1.8090169943749]
    ]
    [POLYGON [PLANE 0.63392701672243 0.32300194814216 -0.70271351130156 0.72733635778654] 	4
	[[NORMAL 0.65450849718747 0.47552825814758 -0.58778525229247] 0.34549150281253 0.52447174185242 1.5877852522925]
	[[NORMAL 0.76942088429381 0.25 -0.58778525229247] 0.23057911570619 0.75 1.5877852522925]
	[[NORMAL 0.55901699437495 0.18163563200134 -0.80901699437495] 0.44098300562505 0.81836436799866 1.8090169943749]
	[[NORMAL 0.47552825814758 0.34549150281253 -0.80901699437495] 0.52447174185242 0.65450849718747 1.8090169943749]
    ]
    [POLYGON [PLANE 0.70271351130156 0.11129888619599 -0.70271351130156 0.87025292515358] 	4
	[[NORMAL 0.76942088429381 0.25 -0.58778525229247] 0.23057911570619 0.75 1.5877852522925]
	[[NORMAL 0.80901699437495 0 -0.58778525229247] 0.19098300562505 1 1.5877852522925]
	[[NORMAL 0.58778525229247 0 -0.80901699437495] 0.41221474770753 1 1.8090169943749]
	[[NORMAL 0.55901699437495 0.18163563200134 -0.80901699437495] 0.44098300562505 0.81836436799866 1.8090169943749]
    ]
    [POLYGON [PLANE 0.70271351130156 -0.11129888619599 -0.70271351130156 1.0928506975456] 	4
	[[NORMAL 0.80901699437495 0 -0.58778525229247] 0.19098300562505 1 1.5877852522925]
	[[NORMAL 0.76942088429381 -0.25 -0.58778525229247] 0.23057911570619 1.25 1.5877852522925]
	[[NORMAL 0.55901699437495 -0.18163563200134 -0.80901699437495] 0.44098300562505 1.1816356320013 1.8090169943749]
	[[NORMAL 0.58778525229247 0 -0.80901699437495] 0.41221474770753 1 1.8090169943749]
    ]
    [POLYGON [PLANE 0.63392701672243 -0.32300194814216 -0.70271351130156 1.3733402540709] 	4
	[[NORMAL 0.76942088429381 -0.25 -0.58778525229247] 0.23057911570619 1.25 1.5877852522925]
	[[NORMAL 0.65450849718747 -0.47552825814758 -0.58778525229247] 0.34549150281253 1.4755282581476 1.5877852522925]
	[[NORMAL 0.47552825814758 -0.34549150281253 -0.80901699437495] 0.52447174185242 1.3454915028125 1.8090169943749]
	[[NORMAL 0.55901699437495 -0.18163563200134 -0.80901699437495] 0.44098300562505 1.1816356320013 1.8090169943749]
    ]
    [POLYGON [PLANE 0.50308732891727 -0.50308732891727 -0.70271351130156 1.6842653226511] 	4
	[[NORMAL 0.65450849718747 -0.47552825814758 -0.58778525229247] 0.34549150281253 1.4755282581476 1.5877852522925]
	[[NORMAL 0.47552825814758 -0.65450849718747 -0.58778525229247] 0.52447174185242 1.6545084971875 1.5877852522925]
	[[NORMAL 0.34549150281253 -0.47552825814758 -0.80901699437495] 0.65450849718747 1.4755282581476 1.8090169943749]
	[[NORMAL 0.47552825814758 -0.34549150281253 -0.80901699437495] 0.52447174185242 1.3454915028125 1.8090169943749]
    ]
    [POLYGON [PLANE 0.32300194814216 -0.63392701672243 -0.70271351130156 1.9951903912314] 	4
	[[NORMAL 0.47552825814758 -0.65450849718747 -0.58778525229247] 0.52447174185242 1.6545084971875 1.5877852522925]
	[[NORMAL 0.25 -0.76942088429381 -0.58778525229247] 0.75 1.7694208842938 1.5877852522925]
	[[NORMAL 0.18163563200134 -0.55901699437495 -0.80901699437495] 0.81836436799866 1.5590169943749 1.8090169943749]
	[[NORMAL 0.34549150281253 -0.47552825814758 -0.80901699437495] 0.65450849718747 1.4755282581476 1.8090169943749]
    ]
    [POLYGON [PLANE 0.11129888619599 -0.70271351130156 -0.70271351130156 2.2756799477567] 	4
	[[NORMAL 0.25 -0.76942088429381 -0.58778525229247] 0.75 1.7694208842938 1.5877852522925]
	[[NORMAL 0 -0.80901699437495 -0.58778525229247] 1 1.8090169943749 1.5877852522925]
	[[NORMAL 0 -0.58778525229247 -0.80901699437495] 1 1.5877852522925 1.8090169943749]
	[[NORMAL 0.18163563200134 -0.55901699437495 -0.80901699437495] 0.81836436799866 1.5590169943749 1.8090169943749]
    ]
    [POLYGON [PLANE -0.11129888619599 -0.70271351130156 -0.70271351130156 2.4982777201487] 	4
	[[NORMAL 0 -0.80901699437495 -0.58778525229247] 1 1.8090169943749 1.5877852522925]
	[[NORMAL -0.25 -0.76942088429381 -0.58778525229247] 1.25 1.7694208842938 1.5877852522925]
	[[NORMAL -0.18163563200134 -0.55901699437495 -0.80901699437495] 1.1816356320013 1.5590169943749 1.8090169943749]
	[[NORMAL 0 -0.58778525229247 -0.80901699437495] 1 1.5877852522925 1.8090169943749]
    ]
    [POLYGON [PLANE -0.32300194814216 -0.63392701672243 -0.70271351130156 2.6411942875157] 	4
	[[NORMAL -0.25 -0.76942088429381 -0.58778525229247] 1.25 1.7694208842938 1.5877852522925]
	[[NORMAL -0.47552825814758 -0.65450849718747 -0.58778525229247] 1.4755282581476 1.6545084971875 1.5877852522925]
	[[NORMAL -0.34549150281253 -0.47552825814758 -0.80901699437495] 1.3454915028125 1.4755282581476 1.8090169943749]
	[[NORMAL -0.18163563200134 -0.55901699437495 -0.80901699437495] 1.1816356320013 1.5590169943749 1.8090169943749]
    ]
    [POLYGON [PLANE -0.50308732891727 -0.50308732891727 -0.70271351130156 2.6904399804857] 	4
	[[NORMAL -0.47552825814758 -0.65450849718747 -0.58778525229247] 1.4755282581476 1.6545084971875 1.5877852522925]
	[[NORMAL -0.65450849718747 -0.47552825814758 -0.58778525229247] 1.6545084971875 1.4755282581476 1.5877852522925]
	[[NORMAL -0.47552825814758 -0.34549150281253 -0.80901699437495] 1.4755282581476 1.3454915028125 1.8090169943749]
	[[NORMAL -0.34549150281253 -0.47552825814758 -0.80901699437495] 1.3454915028125 1.4755282581476 1.8090169943749]
    ]
    [POLYGON [PLANE -0.63392701672243 -0.32300194814216 -0.70271351130156 2.6411942875157] 	4
	[[NORMAL -0.65450849718747 -0.47552825814758 -0.58778525229247] 1.6545084971875 1.4755282581476 1.5877852522925]
	[[NORMAL -0.76942088429381 -0.25 -0.58778525229247] 1.7694208842938 1.25 1.5877852522925]
	[[NORMAL -0.55901699437495 -0.18163563200134 -0.80901699437495] 1.5590169943749 1.1816356320013 1.8090169943749]
	[[NORMAL -0.47552825814758 -0.34549150281253 -0.80901699437495] 1.4755282581476 1.3454915028125 1.8090169943749]
    ]
    [POLYGON [PLANE -0.70271351130156 -0.11129888619599 -0.70271351130156 2.4982777201487] 	4
	[[NORMAL -0.76942088429381 -0.25 -0.58778525229247] 1.7694208842938 1.25 1.5877852522925]
	[[NORMAL -0.80901699437495 0 -0.58778525229247] 1.8090169943749 1 1.5877852522925]
	[[NORMAL -0.58778525229247 0 -0.80901699437495] 1.5877852522925 1 1.8090169943749]
	[[NORMAL -0.55901699437495 -0.18163563200134 -0.80901699437495] 1.5590169943749 1.1816356320013 1.8090169943749]
    ]
    [POLYGON [PLANE -0.88226455385461 0.13973697758044 -0.44953624337577 2.1700616114802] 	4
	[[NORMAL -0.95105651629515 2.2204460492503e-16 -0.30901699437495] 1.9510565162952 1 1.3090169943749]
	[[NORMAL -0.90450849718747 0.29389262614624 -0.30901699437495] 1.9045084971875 0.70610737385376 1.3090169943749]
	[[NORMAL -0.76942088429381 0.25 -0.58778525229247] 1.7694208842938 0.75 1.5877852522925]
	[[NORMAL -0.80901699437495 2.2204460492503e-16 -0.58778525229247] 1.8090169943749 1 1.5877852522925]
    ]
    [POLYGON [PLANE -0.79590235222472 0.40553250377097 -0.44953624337577 1.8179038836598] 	4
	[[NORMAL -0.90450849718747 0.29389262614624 -0.30901699437495] 1.9045084971875 0.70610737385376 1.3090169943749]
	[[NORMAL -0.76942088429381 0.55901699437495 -0.30901699437495] 1.7694208842938 0.44098300562505 1.3090169943749]
	[[NORMAL -0.65450849718747 0.47552825814758 -0.58778525229247] 1.6545084971875 0.52447174185242 1.5877852522925]
	[[NORMAL -0.76942088429381 0.25 -0.58778525229247] 1.7694208842938 0.75 1.5877852522925]
    ]
    [POLYGON [PLANE -0.63163168298131 0.63163168298131 -0.44953624337577 1.427534035206] 	4
	[[NORMAL -0.76942088429381 0.55901699437495 -0.30901699437495] 1.7694208842938 0.44098300562505 1.3090169943749]
	[[NORMAL -0.55901699437495 0.76942088429381 -0.30901699437495] 1.5590169943749 0.23057911570619 1.3090169943749]
	[[NORMAL -0.47552825814758 0.65450849718747 -0.58778525229247] 1.4755282581476 0.34549150281253 1.5877852522925]
	[[NORMAL -0.65450849718747 0.47552825814758 -0.58778525229247] 1.6545084971875 0.52447174185242 1.5877852522925]
    ]
    [POLYGON [PLANE -0.40553250377097 0.79590235222472 -0.44953624337577 1.0371641867523] 	4
	[[NORMAL -0.55901699437495 0.76942088429381 -0.30901699437495] 1.5590169943749 0.23057911570619 1.3090169943749]
	[[NORMAL -0.29389262614624 0.90450849718747 -0.30901699437495] 1.2938926261462 0.095491502812526 1.3090169943749]
	[[NORMAL -0.25 0.76942088429381 -0.58778525229247] 1.25 0.23057911570619 1.5877852522925]
	[[NORMAL -0.47552825814758 0.65450849718747 -0.58778525229247] 1.4755282581476 0.34549150281253 1.5877852522925]
    ]
    [POLYGON [PLANE -0.13973697758044 0.88226455385461 -0.44953624337577 0.68500645893185] 	4
	[[NORMAL -0.29389262614624 0.90450849718747 -0.30901699437495] 1.2938926261462 0.095491502812526 1.3090169943749]
	[[NORMAL 2.2204460492503e-16 0.95105651629515 -0.30901699437495] 1 0.048943483704846 1.3090169943749]
	[[NORMAL 1.1102230246252e-16 0.80901699437495 -0.58778525229247] 1 0.19098300562505 1.5877852522925]
	[[NORMAL -0.25 0.76942088429381 -0.58778525229247] 1.25 0.23057911570619 1.5877852522925]
    ]
    [POLYGON [PLANE 0.13973697758044 0.88226455385461 -0.44953624337577 0.40553250377097] 	4
	[[NORMAL 2.2204460492503e-16 0.95105651629515 -0.30901699437495] 1 0.048943483704846 1.3090169943749]
	[[NORMAL 0.29389262614624 0.90450849718747 -0.30901699437495] 0.70610737385376 0.095491502812526 1.3090169943749]
	[[NORMAL 0.25 0.76942088429381 -0.58778525229247] 0.75 0.23057911570619 1.5877852522925]
	[[NORMAL 1.1102230246252e-16 0.80901699437495 -0.58778525229247] 1 0.19098300562505 1.5877852522925]
    ]
    [POLYGON [PLANE 0.40553250377097 0.79590235222472 -0.44953624337577 0.22609917921033] 	4
	[[NORMAL 0.29389262614624 0.90450849718747 -0.30901699437495] 0.70610737385376 0.095491502812526 1.3090169943749]
	[[NORMAL 0.55901699437495 0.76942088429381 -0.30901699437495] 0.44098300562505 0.23057911570619 1.3090169943749]
	[[NORMAL 0.47552825814758 0.65450849718747 -0.58778525229247] 0.52447174185242 0.34549150281253 1.5877852522925]
	[[NORMAL 0.25 0.76942088429381 -0.58778525229247] 0.75 0.23057911570619 1.5877852522925]
    ]
    [POLYGON [PLANE 0.63163168298131 0.63163168298131 -0.44953624337577 0.16427066924341] 	4
	[[NORMAL 0.55901699437495 0.76942088429381 -0.30901699437495] 0.44098300562505 0.23057911570619 1.3090169943749]
	[[NORMAL 0.76942088429381 0.55901699437495 -0.30901699437495] 0.23057911570619 0.44098300562505 1.3090169943749]
	[[NORMAL 0.65450849718747 0.47552825814758 -0.58778525229247] 0.34549150281253 0.52447174185242 1.5877852522925]
	[[NORMAL 0.47552825814758 0.65450849718747 -0.58778525229247] 0.52447174185242 0.34549150281253 1.5877852522925]
    ]
    [POLYGON [PLANE 0.79590235222472 0.40553250377097 -0.44953624337577 0.22609917921033] 	4
	[[NORMAL 0.76942088429381 0.55901699437495 -0.30901699437495] 0.23057911570619 0.44098300562505 1.3090169943749]
	[[NORMAL 0.90450849718747 0.29389262614624 -0.30901699437495] 0.095491502812526 0.70610737385376 1.3090169943749]
	[[NORMAL 0.76942088429381 0.25 -0.58778525229247] 0.23057911570619 0.75 1.5877852522925]
	[[NORMAL 0.65450849718747 0.47552825814758 -0.58778525229247] 0.34549150281253 0.52447174185242 1.5877852522925]
    ]
    [POLYGON [PLANE 0.88226455385461 0.13973697758044 -0.44953624337577 0.40553250377097] 	4
	[[NORMAL 0.90450849718747 0.29389262614624 -0.30901699437495] 0.095491502812526 0.70610737385376 1.3090169943749]
	[[NORMAL 0.95105651629515 -2.2204460492503e-16 -0.30901699437495] 0.048943483704846 1 1.3090169943749]
	[[NORMAL 0.80901699437495 0 -0.58778525229247] 0.19098300562505 1 1.5877852522925]
	[[NORMAL 0.76942088429381 0.25 -0.58778525229247] 0.23057911570619 0.75 1.5877852522925]
    ]
    [POLYGON [PLANE 0.88226455385461 -0.13973697758044 -0.44953624337577 0.68500645893185] 	4
	[[NORMAL 0.95105651629515 -2.2204460492503e-16 -0.30901699437495] 0.048943483704846 1 1.3090169943749]
	[[NORMAL 0.90450849718747 -0.29389262614624 -0.30901699437495] 0.095491502812526 1.2938926261462 1.3090169943749]
	[[NORMAL 0.76942088429381 -0.25 -0.58778525229247] 0.23057911570619 1.25 1.5877852522925]
	[[NORMAL 0.80901699437495 0 -0.58778525229247] 0.19098300562505 1 1.5877852522925]
    ]
    [POLYGON [PLANE 0.79590235222472 -0.40553250377097 -0.44953624337577 1.0371641867523] 	4
	[[NORMAL 0.90450849718747 -0.29389262614624 -0.30901699437495] 0.095491502812526 1.2938926261462 1.3090169943749]
	[[NORMAL 0.76942088429381 -0.55901699437495 -0.30901699437495] 0.23057911570619 1.5590169943749 1.3090169943749]
	[[NORMAL 0.65450849718747 -0.47552825814758 -0.58778525229247] 0.34549150281253 1.4755282581476 1.5877852522925]
	[[NORMAL 0.76942088429381 -0.25 -0.58778525229247] 0.23057911570619 1.25 1.5877852522925]
    ]
    [POLYGON [PLANE 0.63163168298131 -0.63163168298131 -0.44953624337577 1.427534035206] 	4
	[[NORMAL 0.76942088429381 -0.55901699437495 -0.30901699437495] 0.23057911570619 1.5590169943749 1.3090169943749]
	[[NORMAL 0.55901699437495 -0.76942088429381 -0.30901699437495] 0.44098300562505 1.7694208842938 1.3090169943749]
	[[NORMAL 0.47552825814758 -0.65450849718747 -0.58778525229247] 0.52447174185242 1.6545084971875 1.5877852522925]
	[[NORMAL 0.65450849718747 -0.47552825814758 -0.58778525229247] 0.34549150281253 1.4755282581476 1.5877852522925]
    ]
    [POLYGON [PLANE 0.40553250377097 -0.79590235222472 -0.44953624337577 1.8179038836598] 	4
	[[NORMAL 0.55901699437495 -0.76942088429381 -0.30901699437495] 0.44098300562505 1.7694208842938 1.3090169943749]
	[[NORMAL 0.29389262614624 -0.90450849718747 -0.30901699437495] 0.70610737385376 1.9045084971875 1.3090169943749]
	[[NORMAL 0.25 -0.76942088429381 -0.58778525229247] 0.75 1.7694208842938 1.5877852522925]
	[[NORMAL 0.47552825814758 -0.65450849718747 -0.58778525229247] 0.52447174185242 1.6545084971875 1.5877852522925]
    ]
    [POLYGON [PLANE 0.13973697758044 -0.88226455385461 -0.44953624337577 2.1700616114802] 	4
	[[NORMAL 0.29389262614624 -0.90450849718747 -0.30901699437495] 0.70610737385376 1.9045084971875 1.3090169943749]
	[[NORMAL 0 -0.95105651629515 -0.30901699437495] 1 1.9510565162952 1.3090169943749]
	[[NORMAL 0 -0.80901699437495 -0.58778525229247] 1 1.8090169943749 1.5877852522925]
	[[NORMAL 0.25 -0.76942088429381 -0.58778525229247] 0.75 1.7694208842938 1.5877852522925]
    ]
    [POLYGON [PLANE -0.13973697758044 -0.88226455385461 -0.44953624337577 2.4495355666411] 	4
	[[NORMAL 0 -0.95105651629515 -0.30901699437495] 1 1.9510565162952 1.3090169943749]
	[[NORMAL -0.29389262614624 -0.90450849718747 -0.30901699437495] 1.2938926261462 1.9045084971875 1.3090169943749]
	[[NORMAL -0.25 -0.76942088429381 -0.58778525229247] 1.25 1.7694208842938 1.5877852522925]
	[[NORMAL 0 -0.80901699437495 -0.58778525229247] 1 1.8090169943749 1.5877852522925]
    ]
    [POLYGON [PLANE -0.40553250377097 -0.79590235222472 -0.44953624337577 2.6289688912017] 	4
	[[NORMAL -0.29389262614624 -0.90450849718747 -0.30901699437495] 1.2938926261462 1.9045084971875 1.3090169943749]
	[[NORMAL -0.55901699437495 -0.76942088429381 -0.30901699437495] 1.5590169943749 1.7694208842938 1.3090169943749]
	[[NORMAL -0.47552825814758 -0.65450849718747 -0.58778525229247] 1.4755282581476 1.6545084971875 1.5877852522925]
	[[NORMAL -0.25 -0.76942088429381 -0.58778525229247] 1.25 1.7694208842938 1.5877852522925]
    ]
    [POLYGON [PLANE -0.63163168298131 -0.63163168298131 -0.44953624337577 2.6907974011686] 	4
	[[NORMAL -0.55901699437495 -0.76942088429381 -0.30901699437495] 1.5590169943749 1.7694208842938 1.3090169943749]
	[[NORMAL -0.76942088429381 -0.55901699437495 -0.30901699437495] 1.7694208842938 1.5590169943749 1.3090169943749]
	[[NORMAL -0.65450849718747 -0.47552825814758 -0.58778525229247] 1.6545084971875 1.4755282581476 1.5877852522925]
	[[NORMAL -0.47552825814758 -0.65450849718747 -0.58778525229247] 1.4755282581476 1.6545084971875 1.5877852522925]
    ]
    [POLYGON [PLANE -0.79590235222472 -0.40553250377097 -0.44953624337577 2.6289688912017] 	4
	[[NORMAL -0.76942088429381 -0.55901699437495 -0.30901699437495] 1.7694208842938 1.5590169943749 1.3090169943749]
	[[NORMAL -0.90450849718747 -0.29389262614624 -0.30901699437495] 1.9045084971875 1.2938926261462 1.3090169943749]
	[[NORMAL -0.76942088429381 -0.25 -0.58778525229247] 1.7694208842938 1.25 1.5877852522925]
	[[NORMAL -0.65450849718747 -0.47552825814758 -0.58778525229247] 1.6545084971875 1.4755282581476 1.5877852522925]
    ]
    [POLYGON [PLANE -0.88226455385461 -0.13973697758044 -0.44953624337577 2.4495355666411] 	4
	[[NORMAL -0.90450849718747 -0.29389262614624 -0.30901699437495] 1.9045084971875 1.2938926261462 1.3090169943749]
	[[NORMAL -0.95105651629515 0 -0.30901699437495] 1.9510565162952 1 1.3090169943749]
	[[NORMAL -0.80901699437495 0 -0.58778525229247] 1.8090169943749 1 1.5877852522925]
	[[NORMAL -0.76942088429381 -0.25 -0.58778525229247] 1.7694208842938 1.25 1.5877852522925]
    ]
    [POLYGON [PLANE -0.97582049483787 0.15455478293211 -0.15455478293211 1.9516409896757] 	4
	[[NORMAL -1 2.2204460492503e-16 0] 2 1 1]
	[[NORMAL -0.95105651629515 0.30901699437495 0] 1.9510565162952 0.69098300562505 1]
	[[NORMAL -0.90450849718747 0.29389262614624 -0.30901699437495] 1.9045084971875 0.70610737385376 1.3090169943749]
	[[NORMAL -0.95105651629515 2.2204460492503e-16 -0.30901699437495] 1.9510565162952 1 1.3090169943749]
    ]
    [POLYGON [PLANE -0.88030038586196 0.44853544979644 -0.15455478293211 1.5621402138355] 	4
	[[NORMAL -0.95105651629515 0.30901699437495 0] 1.9510565162952 0.69098300562505 1]
	[[NORMAL -0.80901699437495 0.58778525229247 0] 1.8090169943749 0.41221474770753 1]
	[[NORMAL -0.76942088429381 0.55901699437495 -0.30901699437495] 1.7694208842938 0.44098300562505 1.3090169943749]
	[[NORMAL -0.90450849718747 0.29389262614624 -0.30901699437495] 1.9045084971875 0.70610737385376 1.3090169943749]
    ]
    [POLYGON [PLANE -0.69861034170445 0.69861034170445 -0.15455478293211 1.13037527777] 	4
	[[NORMAL -0.80901699437495 0.58778525229247 0] 1.8090169943749 0.41221474770753 1]
	[[NORMAL -0.58778525229247 0.80901699437495 0] 1.5877852522925 0.19098300562505 1]
	[[NORMAL -0.55901699437495 0.76942088429381 -0.30901699437495] 1.5590169943749 0.23057911570619 1.3090169943749]
	[[NORMAL -0.76942088429381 0.55901699437495 -0.30901699437495] 1.7694208842938 0.44098300562505 1.3090169943749]
    ]
    [POLYGON [PLANE -0.44853544979644 0.88030038586196 -0.15455478293211 0.69861034170445] 	4
	[[NORMAL -0.58778525229247 0.80901699437495 0] 1.5877852522925 0.19098300562505 1]
	[[NORMAL -0.30901699437495 0.95105651629515 0] 1.3090169943749 0.048943483704846 1]
	[[NORMAL -0.29389262614624 0.90450849718747 -0.30901699437495] 1.2938926261462 0.095491502812526 1.3090169943749]
	[[NORMAL -0.55901699437495 0.76942088429381 -0.30901699437495] 1.5590169943749 0.23057911570619 1.3090169943749]
    ]
    [POLYGON [PLANE -0.15455478293211 0.97582049483787 -0.15455478293211 0.30910956586421] 	4
	[[NORMAL -0.30901699437495 0.95105651629515 0] 1.3090169943749 0.048943483704846 1]
	[[NORMAL 2.2204460492503e-16 1 0] 1 0 1]
	[[NORMAL 2.2204460492503e-16 0.95105651629515 -0.30901699437495] 1 0.048943483704846 1.3090169943749]
