[OBJECT SPHERE_OBJ
    [POLYGON [PLANE -0.15638647043136 0.024769183593601 -0.9873853145607 4.0811585450806] 	3
	[[NORMAL 0 0 -1] 1 1 4]
	[[NORMAL -0.30901699437495 7.4014868308344e-17 -0.95105651629515] 1.9270509831248 1 3.8531695488855]
	[[NORMAL -0.29389262614624 0.095491502812526 -0.95105651629515] 1.8816778784387 0.71352549156242 3.8531695488855]
    ]
    [POLYGON [PLANE -0.14107827309693 0.071882970513612 -0.9873853145607 4.0187365608261] 	3
	[[NORMAL 0 0 -1] 1 1 4]
	[[NORMAL -0.29389262614624 0.095491502812526 -0.95105651629515] 1.8816778784387 0.71352549156242 3.8531695488855]
	[[NORMAL -0.25 0.18163563200134 -0.95105651629515] 1.75 0.45509310399598 3.8531695488855]
    ]
    [POLYGON [PLANE -0.11196035144164 0.11196035144164 -0.9873853145607 3.9495412582428] 	3
	[[NORMAL 0 0 -1] 1 1 4]
	[[NORMAL -0.25 0.18163563200134 -0.95105651629515] 1.75 0.45509310399598 3.8531695488855]
	[[NORMAL -0.18163563200134 0.25 -0.95105651629515] 1.544906896004 0.25 3.8531695488855]
    ]
    [POLYGON [PLANE -0.071882970513611 0.14107827309693 -0.9873853145607 3.8803459556595] 	3
	[[NORMAL 0 0 -1] 1 1 4]
	[[NORMAL -0.18163563200134 0.25 -0.95105651629515] 1.544906896004 0.25 3.8531695488855]
	[[NORMAL -0.095491502812526 0.29389262614624 -0.95105651629515] 1.2864745084376 0.11832212156129 3.8531695488855]
    ]
    [POLYGON [PLANE -0.024769183593601 0.15638647043136 -0.9873853145607 3.817923971405] 	3
	[[NORMAL 0 0 -1] 1 1 4]
	[[NORMAL -0.095491502812526 0.29389262614624 -0.95105651629515] 1.2864745084376 0.11832212156129 3.8531695488855]
	[[NORMAL 7.4014868308344e-17 0.30901699437495 -0.95105651629515] 1 0.072949016875158 3.8531695488855]
    ]
    [POLYGON [PLANE 0.024769183593601 0.15638647043136 -0.9873853145607 3.7683856042178] 	3
	[[NORMAL 0 0 -1] 1 1 4]
	[[NORMAL 7.4014868308344e-17 0.30901699437495 -0.95105651629515] 1 0.072949016875158 3.8531695488855]
	[[NORMAL 0.095491502812526 0.29389262614624 -0.95105651629515] 0.71352549156242 0.11832212156129 3.8531695488855]
    ]
    [POLYGON [PLANE 0.071882970513611 0.14107827309693 -0.9873853145607 3.7365800146322] 	3
	[[NORMAL 0 0 -1] 1 1 4]
	[[NORMAL 0.095491502812526 0.29389262614624 -0.95105651629515] 0.71352549156242 0.11832212156129 3.8531695488855]
	[[NORMAL 0.18163563200134 0.25 -0.95105651629515] 0.45509310399598 0.25 3.8531695488855]
    ]
    [POLYGON [PLANE 0.11196035144164 0.11196035144164 -0.9873853145607 3.7256205553595] 	3
	[[NORMAL 0 0 -1] 1 1 4]
	[[NORMAL 0.18163563200134 0.25 -0.95105651629515] 0.45509310399598 0.25 3.8531695488855]
	[[NORMAL 0.25 0.18163563200134 -0.95105651629515] 0.25 0.45509310399598 3.8531695488855]
    ]
    [POLYGON [PLANE 0.14107827309693 0.071882970513611 -0.9873853145607 3.7365800146322] 	3
	[[NORMAL 0 0 -1] 1 1 4]
	[[NORMAL 0.25 0.18163563200134 -0.95105651629515] 0.25 0.45509310399598 3.8531695488855]
	[[NORMAL 0.29389262614624 0.095491502812526 -0.95105651629515] 0.11832212156129 0.71352549156242 3.8531695488855]
    ]
    [POLYGON [PLANE 0.15638647043136 0.024769183593601 -0.9873853145607 3.7683856042178] 	3
	[[NORMAL 0 0 -1] 1 1 4]
	[[NORMAL 0.29389262614624 0.095491502812526 -0.95105651629515] 0.11832212156129 0.71352549156242 3.8531695488855]
	[[NORMAL 0.30901699437495 -7.4014868308344e-17 -0.95105651629515] 0.072949016875158 1 3.8531695488855]
    ]
    [POLYGON [PLANE 0.15638647043136 -0.024769183593601 -0.9873853145607 3.817923971405] 	3
	[[NORMAL 0 0 -1] 1 1 4]
	[[NORMAL 0.30901699437495 -7.4014868308344e-17 -0.95105651629515] 0.072949016875158 1 3.8531695488855]
	[[NORMAL 0.29389262614624 -0.095491502812526 -0.95105651629515] 0.11832212156129 1.2864745084376 3.8531695488855]
    ]
    [POLYGON [PLANE 0.14107827309693 -0.071882970513611 -0.9873853145607 3.8803459556595] 	3
	[[NORMAL 0 0 -1] 1 1 4]
	[[NORMAL 0.29389262614624 -0.095491502812526 -0.95105651629515] 0.11832212156129 1.2864745084376 3.8531695488855]
	[[NORMAL 0.25 -0.18163563200134 -0.95105651629515] 0.25 1.544906896004 3.8531695488855]
    ]
    [POLYGON [PLANE 0.11196035144164 -0.11196035144164 -0.9873853145607 3.9495412582428] 	3
	[[NORMAL 0 0 -1] 1 1 4]
	[[NORMAL 0.25 -0.18163563200134 -0.95105651629515] 0.25 1.544906896004 3.8531695488855]
	[[NORMAL 0.18163563200134 -0.25 -0.95105651629515] 0.45509310399598 1.75 3.8531695488855]
    ]
    [POLYGON [PLANE 0.071882970513612 -0.14107827309693 -0.9873853145607 4.0187365608261] 	3
	[[NORMAL 0 0 -1] 1 1 4]
	[[NORMAL 0.18163563200134 -0.25 -0.95105651629515] 0.45509310399598 1.75 3.8531695488855]
	[[NORMAL 0.095491502812526 -0.29389262614624 -0.95105651629515] 0.71352549156242 1.8816778784387 3.8531695488855]
    ]
    [POLYGON [PLANE 0.024769183593601 -0.15638647043136 -0.9873853145607 4.0811585450806] 	3
	[[NORMAL 0 0 -1] 1 1 4]
	[[NORMAL 0.095491502812526 -0.29389262614624 -0.95105651629515] 0.71352549156242 1.8816778784387 3.8531695488855]
	[[NORMAL 0 -0.30901699437495 -0.95105651629515] 1 1.9270509831248 3.8531695488855]
    ]
    [POLYGON [PLANE -0.024769183593601 -0.15638647043136 -0.9873853145607 4.1306969122678] 	3
	[[NORMAL 0 0 -1] 1 1 4]
	[[NORMAL 0 -0.30901699437495 -0.95105651629515] 1 1.9270509831248 3.8531695488855]
	[[NORMAL -0.095491502812526 -0.29389262614624 -0.95105651629515] 1.2864745084376 1.8816778784387 3.8531695488855]
    ]
    [POLYGON [PLANE -0.071882970513612 -0.14107827309693 -0.9873853145607 4.1625025018533] 	3
	[[NORMAL 0 0 -1] 1 1 4]
	[[NORMAL -0.095491502812526 -0.29389262614624 -0.95105651629515] 1.2864745084376 1.8816778784387 3.8531695488855]
	[[NORMAL -0.18163563200134 -0.25 -0.95105651629515] 1.544906896004 1.75 3.8531695488855]
    ]
    [POLYGON [PLANE -0.11196035144164 -0.11196035144164 -0.9873853145607 4.1734619611261] 	3
	[[NORMAL 0 0 -1] 1 1 4]
	[[NORMAL -0.18163563200134 -0.25 -0.95105651629515] 1.544906896004 1.75 3.8531695488855]
	[[NORMAL -0.25 -0.18163563200134 -0.95105651629515] 1.75 1.544906896004 3.8531695488855]
    ]
    [POLYGON [PLANE -0.14107827309693 -0.071882970513612 -0.9873853145607 4.1625025018533] 	3
	[[NORMAL 0 0 -1] 1 1 4]
	[[NORMAL -0.25 -0.18163563200134 -0.95105651629515] 1.75 1.544906896004 3.8531695488855]
	[[NORMAL -0.29389262614624 -0.095491502812526 -0.95105651629515] 1.8816778784387 1.2864745084376 3.8531695488855]
    ]
    [POLYGON [PLANE -0.15638647043136 -0.024769183593601 -0.9873853145607 4.1306969122678] 	3
	[[NORMAL 0 0 -1] 1 1 4]
	[[NORMAL -0.29389262614624 -0.095491502812526 -0.95105651629515] 1.8816778784387 1.2864745084376 3.8531695488855]
	[[NORMAL -0.30901699437495 0 -0.95105651629515] 1.9270509831248 1 3.8531695488855]
    ]
    [POLYGON [PLANE -0.45282139015821 0.071719862447186 -0.88871201744195 4.225248125973] 	4
	[[NORMAL -0.58778525229247 1.4802973661669e-16 -0.80901699437495] 2.7633557568774 1 3.4270509831248]
	[[NORMAL -0.55901699437495 0.18163563200134 -0.80901699437495] 2.6770509831248 0.45509310399598 3.4270509831248]
	[[NORMAL -0.29389262614624 0.095491502812526 -0.95105651629515] 1.8816778784387 0.71352549156242 3.8531695488855]
	[[NORMAL -0.30901699437495 7.4014868308344e-17 -0.95105651629515] 1.9270509831248 1 3.8531695488855]
    ]
    [POLYGON [PLANE -0.40849607749738 0.20813914750356 -0.88871201744195 4.0445035282558] 	4
	[[NORMAL -0.55901699437495 0.18163563200134 -0.80901699437495] 2.6770509831248 0.45509310399598 3.4270509831248]
	[[NORMAL -0.47552825814758 0.34549150281253 -0.80901699437495] 2.4265847744427 -0.036474508437579 3.4270509831248]
	[[NORMAL -0.25 0.18163563200134 -0.95105651629515] 1.75 0.45509310399598 3.8531695488855]
	[[NORMAL -0.29389262614624 0.095491502812526 -0.95105651629515] 1.8816778784387 0.71352549156242 3.8531695488855]
    ]
    [POLYGON [PLANE -0.32418432261158 0.32418432261158 -0.88871201744195 3.844146598262] 	4
	[[NORMAL -0.47552825814758 0.34549150281253 -0.80901699437495] 2.4265847744427 -0.036474508437579 3.4270509831248]
	[[NORMAL -0.34549150281253 0.47552825814758 -0.80901699437495] 2.0364745084376 -0.42658477444273 3.4270509831248]
	[[NORMAL -0.18163563200134 0.25 -0.95105651629515] 1.544906896004 0.25 3.8531695488855]
	[[NORMAL -0.25 0.18163563200134 -0.95105651629515] 1.75 0.45509310399598 3.8531695488855]
    ]
    [POLYGON [PLANE -0.20813914750356 0.40849607749738 -0.88871201744195 3.6437896682682] 	4
	[[NORMAL -0.34549150281253 0.47552825814758 -0.80901699437495] 2.0364745084376 -0.42658477444273 3.4270509831248]
	[[NORMAL -0.18163563200134 0.55901699437495 -0.80901699437495] 1.544906896004 -0.67705098312484 3.4270509831248]
	[[NORMAL -0.095491502812526 0.29389262614624 -0.95105651629515] 1.2864745084376 0.11832212156129 3.8531695488855]
	[[NORMAL -0.18163563200134 0.25 -0.95105651629515] 1.544906896004 0.25 3.8531695488855]
    ]
    [POLYGON [PLANE -0.071719862447186 0.45282139015821 -0.88871201744195 3.463045070551] 	4
	[[NORMAL -0.18163563200134 0.55901699437495 -0.80901699437495] 1.544906896004 -0.67705098312484 3.4270509831248]
	[[NORMAL 1.1102230246252e-16 0.58778525229247 -0.80901699437495] 1 -0.76335575687742 3.4270509831248]
	[[NORMAL 7.4014868308344e-17 0.30901699437495 -0.95105651629515] 1 0.072949016875158 3.8531695488855]
	[[NORMAL -0.095491502812526 0.29389262614624 -0.95105651629515] 1.2864745084376 0.11832212156129 3.8531695488855]
    ]
    [POLYGON [PLANE 0.071719862447187 0.45282139015821 -0.88871201744195 3.3196053456566] 	4
	[[NORMAL 1.1102230246252e-16 0.58778525229247 -0.80901699437495] 1 -0.76335575687742 3.4270509831248]
	[[NORMAL 0.18163563200134 0.55901699437495 -0.80901699437495] 0.45509310399598 -0.67705098312484 3.4270509831248]
	[[NORMAL 0.095491502812526 0.29389262614624 -0.95105651629515] 0.71352549156242 0.11832212156129 3.8531695488855]
	[[NORMAL 7.4014868308344e-17 0.30901699437495 -0.95105651629515] 1 0.072949016875158 3.8531695488855]
    ]
    [POLYGON [PLANE 0.20813914750356 0.40849607749738 -0.88871201744195 3.2275113732611] 	4
	[[NORMAL 0.18163563200134 0.55901699437495 -0.80901699437495] 0.45509310399598 -0.67705098312484 3.4270509831248]
	[[NORMAL 0.34549150281253 0.47552825814758 -0.80901699437495] -0.036474508437579 -0.42658477444273 3.4270509831248]
	[[NORMAL 0.18163563200134 0.25 -0.95105651629515] 0.45509310399598 0.25 3.8531695488855]
	[[NORMAL 0.095491502812526 0.29389262614624 -0.95105651629515] 0.71352549156242 0.11832212156129 3.8531695488855]
    ]
    [POLYGON [PLANE 0.32418432261158 0.32418432261158 -0.88871201744195 3.1957779530389] 	4
	[[NORMAL 0.34549150281253 0.47552825814758 -0.80901699437495] -0.036474508437579 -0.42658477444273 3.4270509831248]
	[[NORMAL 0.47552825814758 0.34549150281253 -0.80901699437495] -0.42658477444273 -0.036474508437579 3.4270509831248]
	[[NORMAL 0.25 0.18163563200134 -0.95105651629515] 0.25 0.45509310399598 3.8531695488855]
	[[NORMAL 0.18163563200134 0.25 -0.95105651629515] 0.45509310399598 0.25 3.8531695488855]
    ]
    [POLYGON [PLANE 0.40849607749738 0.20813914750356 -0.88871201744195 3.2275113732611] 	4
	[[NORMAL 0.47552825814758 0.34549150281253 -0.80901699437495] -0.42658477444273 -0.036474508437579 3.4270509831248]
	[[NORMAL 0.55901699437495 0.18163563200134 -0.80901699437495] -0.67705098312484 0.45509310399598 3.4270509831248]
	[[NORMAL 0.29389262614624 0.095491502812526 -0.95105651629515] 0.11832212156129 0.71352549156242 3.8531695488855]
	[[NORMAL 0.25 0.18163563200134 -0.95105651629515] 0.25 0.45509310399598 3.8531695488855]
    ]
    [POLYGON [PLANE 0.45282139015821 0.071719862447186 -0.88871201744195 3.3196053456566] 	4
	[[NORMAL 0.55901699437495 0.18163563200134 -0.80901699437495] -0.67705098312484 0.45509310399598 3.4270509831248]
	[[NORMAL 0.58778525229247 -7.4014868308344e-17 -0.80901699437495] -0.76335575687742 1 3.4270509831248]
	[[NORMAL 0.30901699437495 -7.4014868308344e-17 -0.95105651629515] 0.072949016875158 1 3.8531695488855]
	[[NORMAL 0.29389262614624 0.095491502812526 -0.95105651629515] 0.11832212156129 0.71352549156242 3.8531695488855]
    ]
    [POLYGON [PLANE 0.45282139015821 -0.071719862447187 -0.88871201744195 3.463045070551] 	4
	[[NORMAL 0.58778525229247 -7.4014868308344e-17 -0.80901699437495] -0.76335575687742 1 3.4270509831248]
	[[NORMAL 0.55901699437495 -0.18163563200134 -0.80901699437495] -0.67705098312484 1.544906896004 3.4270509831248]
	[[NORMAL 0.29389262614624 -0.095491502812526 -0.95105651629515] 0.11832212156129 1.2864745084376 3.8531695488855]
	[[NORMAL 0.30901699437495 -7.4014868308344e-17 -0.95105651629515] 0.072949016875158 1 3.8531695488855]
    ]
    [POLYGON [PLANE 0.40849607749738 -0.20813914750356 -0.88871201744195 3.6437896682682] 	4
	[[NORMAL 0.55901699437495 -0.18163563200134 -0.80901699437495] -0.67705098312484 1.544906896004 3.4270509831248]
	[[NORMAL 0.47552825814758 -0.34549150281253 -0.80901699437495] -0.42658477444273 2.0364745084376 3.4270509831248]
	[[NORMAL 0.25 -0.18163563200134 -0.95105651629515] 0.25 1.544906896004 3.8531695488855]
	[[NORMAL 0.29389262614624 -0.095491502812526 -0.95105651629515] 0.11832212156129 1.2864745084376 3.8531695488855]
    ]
    [POLYGON [PLANE 0.32418432261158 -0.32418432261158 -0.88871201744195 3.844146598262] 	4
	[[NORMAL 0.47552825814758 -0.34549150281253 -0.80901699437495] -0.42658477444273 2.0364745084376 3.4270509831248]
	[[NORMAL 0.34549150281253 -0.47552825814758 -0.80901699437495] -0.036474508437579 2.4265847744427 3.4270509831248]
	[[NORMAL 0.18163563200134 -0.25 -0.95105651629515] 0.45509310399598 1.75 3.8531695488855]
	[[NORMAL 0.25 -0.18163563200134 -0.95105651629515] 0.25 1.544906896004 3.8531695488855]
    ]
    [POLYGON [PLANE 0.20813914750356 -0.40849607749738 -0.88871201744195 4.0445035282558] 	4
	[[NORMAL 0.34549150281253 -0.47552825814758 -0.80901699437495] -0.036474508437579 2.4265847744427 3.4270509831248]
	[[NORMAL 0.18163563200134 -0.55901699437495 -0.80901699437495] 0.45509310399598 2.6770509831248 3.4270509831248]
	[[NORMAL 0.095491502812526 -0.29389262614624 -0.95105651629515] 0.71352549156242 1.8816778784387 3.8531695488855]
	[[NORMAL 0.18163563200134 -0.25 -0.95105651629515] 0.45509310399598 1.75 3.8531695488855]
    ]
    [POLYGON [PLANE 0.071719862447186 -0.45282139015821 -0.88871201744195 4.225248125973] 	4
	[[NORMAL 0.18163563200134 -0.55901699437495 -0.80901699437495] 0.45509310399598 2.6770509831248 3.4270509831248]
	[[NORMAL 0 -0.58778525229247 -0.80901699437495] 1 2.7633557568774 3.4270509831248]
	[[NORMAL 0 -0.30901699437495 -0.95105651629515] 1 1.9270509831248 3.8531695488855]
	[[NORMAL 0.095491502812526 -0.29389262614624 -0.95105651629515] 0.71352549156242 1.8816778784387 3.8531695488855]
    ]
    [POLYGON [PLANE -0.071719862447186 -0.45282139015821 -0.88871201744195 4.3686878508674] 	4
	[[NORMAL 0 -0.58778525229247 -0.80901699437495] 1 2.7633557568774 3.4270509831248]
	[[NORMAL -0.18163563200134 -0.55901699437495 -0.80901699437495] 1.544906896004 2.6770509831248 3.4270509831248]
	[[NORMAL -0.095491502812526 -0.29389262614624 -0.95105651629515] 1.2864745084376 1.8816778784387 3.8531695488855]
	[[NORMAL 0 -0.30901699437495 -0.95105651629515] 1 1.9270509831248 3.8531695488855]
    ]
    [POLYGON [PLANE -0.20813914750356 -0.40849607749738 -0.88871201744195 4.460781823263] 	4
	[[NORMAL -0.18163563200134 -0.55901699437495 -0.80901699437495] 1.544906896004 2.6770509831248 3.4270509831248]
	[[NORMAL -0.34549150281253 -0.47552825814758 -0.80901699437495] 2.0364745084376 2.4265847744427 3.4270509831248]
	[[NORMAL -0.18163563200134 -0.25 -0.95105651629515] 1.544906896004 1.75 3.8531695488855]
	[[NORMAL -0.095491502812526 -0.29389262614624 -0.95105651629515] 1.2864745084376 1.8816778784387 3.8531695488855]
    ]
    [POLYGON [PLANE -0.32418432261158 -0.32418432261158 -0.88871201744195 4.4925152434852] 	4
	[[NORMAL -0.34549150281253 -0.47552825814758 -0.80901699437495] 2.0364745084376 2.4265847744427 3.4270509831248]
	[[NORMAL -0.47552825814758 -0.34549150281253 -0.80901699437495] 2.4265847744427 2.0364745084376 3.4270509831248]
	[[NORMAL -0.25 -0.18163563200134 -0.95105651629515] 1.75 1.544906896004 3.8531695488855]
	[[NORMAL -0.18163563200134 -0.25 -0.95105651629515] 1.544906896004 1.75 3.8531695488855]
    ]
    [POLYGON [PLANE -0.40849607749738 -0.20813914750356 -0.88871201744195 4.460781823263] 	4
	[[NORMAL -0.47552825814758 -0.34549150281253 -0.80901699437495] 2.4265847744427 2.0364745084376 3.4270509831248]
	[[NORMAL -0.55901699437495 -0.18163563200134 -0.80901699437495] 2.6770509831248 1.544906896004 3.4270509831248]
	[[NORMAL -0.29389262614624 -0.095491502812526 -0.95105651629515] 1.8816778784387 1.2864745084376 3.8531695488855]
	[[NORMAL -0.25 -0.18163563200134 -0.95105651629515] 1.75 1.544906896004 3.8531695488855]
    ]
    [POLYGON [PLANE -0.45282139015821 -0.071719862447186 -0.88871201744195 4.3686878508674] 	4
	[[NORMAL -0.55901699437495 -0.18163563200134 -0.80901699437495] 2.6770509831248 1.544906896004 3.4270509831248]
	[[NORMAL -0.58778525229247 0 -0.80901699437495] 2.7633557568774 1 3.4270509831248]
	[[NORMAL -0.30901699437495 0 -0.95105651629515] 1.9270509831248 1 3.8531695488855]
	[[NORMAL -0.29389262614624 -0.095491502812526 -0.95105651629515] 1.8816778784387 1.2864745084376 3.8531695488855]
    ]
    [POLYGON [PLANE -0.70271351130156 0.11129888619599 -0.70271351130156 4.2387835704558] 	4
	[[NORMAL -0.80901699437495 1.8503717077086e-16 -0.58778525229247] 3.4270509831248 1 2.7633557568774]
	[[NORMAL -0.76942088429381 0.25 -0.58778525229247] 3.3082626528814 0.25 2.7633557568774]
	[[NORMAL -0.55901699437495 0.18163563200134 -0.80901699437495] 2.6770509831248 0.45509310399598 3.4270509831248]
	[[NORMAL -0.58778525229247 1.4802973661669e-16 -0.80901699437495] 2.7633557568774 1 3.4270509831248]
    ]
    [POLYGON [PLANE -0.63392701672243 0.32300194814216 -0.70271351130156 3.9582940139305] 	4
	[[NORMAL -0.76942088429381 0.25 -0.58778525229247] 3.3082626528814 0.25 2.7633557568774]
	[[NORMAL -0.65450849718747 0.47552825814758 -0.58778525229247] 2.9635254915624 -0.42658477444273 2.7633557568774]
	[[NORMAL -0.47552825814758 0.34549150281253 -0.80901699437495] 2.4265847744427 -0.036474508437579 3.4270509831248]
	[[NORMAL -0.55901699437495 0.18163563200134 -0.80901699437495] 2.6770509831248 0.45509310399598 3.4270509831248]
    ]
    [POLYGON [PLANE -0.50308732891727 0.50308732891727 -0.70271351130156 3.6473689453503] 	4
	[[NORMAL -0.65450849718747 0.47552825814758 -0.58778525229247] 2.9635254915624 -0.42658477444273 2.7633557568774]
	[[NORMAL -0.47552825814758 0.65450849718747 -0.58778525229247] 2.4265847744427 -0.96352549156242 2.7633557568774]
	[[NORMAL -0.34549150281253 0.47552825814758 -0.80901699437495] 2.0364745084376 -0.42658477444273 3.4270509831248]
	[[NORMAL -0.47552825814758 0.34549150281253 -0.80901699437495] 2.4265847744427 -0.036474508437579 3.4270509831248]
    ]
    [POLYGON [PLANE -0.32300194814216 0.63392701672243 -0.70271351130156 3.33644387677] 	4
	[[NORMAL -0.47552825814758 0.65450849718747 -0.58778525229247] 2.4265847744427 -0.96352549156242 2.7633557568774]
	[[NORMAL -0.25 0.76942088429381 -0.58778525229247] 1.75 -1.3082626528814 2.7633557568774]
	[[NORMAL -0.18163563200134 0.55901699437495 -0.80901699437495] 1.544906896004 -0.67705098312484 3.4270509831248]
	[[NORMAL -0.34549150281253 0.47552825814758 -0.80901699437495] 2.0364745084376 -0.42658477444273 3.4270509831248]
    ]
    [POLYGON [PLANE -0.11129888619599 0.70271351130156 -0.70271351130156 3.0559543202447] 	4
	[[NORMAL -0.25 0.76942088429381 -0.58778525229247] 1.75 -1.3082626528814 2.7633557568774]
	[[NORMAL 1.4802973661669e-16 0.80901699437495 -0.58778525229247] 1 -1.4270509831248 2.7633557568774]
	[[NORMAL 1.1102230246252e-16 0.58778525229247 -0.80901699437495] 1 -0.76335575687742 3.4270509831248]
	[[NORMAL -0.18163563200134 0.55901699437495 -0.80901699437495] 1.544906896004 -0.67705098312484 3.4270509831248]
    ]
    [POLYGON [PLANE 0.11129888619599 0.70271351130156 -0.70271351130156 2.8333565478527] 	4
	[[NORMAL 1.4802973661669e-16 0.80901699437495 -0.58778525229247] 1 -1.4270509831248 2.7633557568774]
	[[NORMAL 0.25 0.76942088429381 -0.58778525229247] 0.25 -1.3082626528814 2.7633557568774]
	[[NORMAL 0.18163563200134 0.55901699437495 -0.80901699437495] 0.45509310399598 -0.67705098312484 3.4270509831248]
	[[NORMAL 1.1102230246252e-16 0.58778525229247 -0.80901699437495] 1 -0.76335575687742 3.4270509831248]
    ]
    [POLYGON [PLANE 0.32300194814216 0.63392701672243 -0.70271351130156 2.6904399804857] 	4
	[[NORMAL 0.25 0.76942088429381 -0.58778525229247] 0.25 -1.3082626528814 2.7633557568774]
	[[NORMAL 0.47552825814758 0.65450849718747 -0.58778525229247] -0.42658477444273 -0.96352549156242 2.7633557568774]
	[[NORMAL 0.34549150281253 0.47552825814758 -0.80901699437495] -0.036474508437579 -0.42658477444273 3.4270509831248]
	[[NORMAL 0.18163563200134 0.55901699437495 -0.80901699437495] 0.45509310399598 -0.67705098312484 3.4270509831248]
    ]
    [POLYGON [PLANE 0.50308732891727 0.50308732891727 -0.70271351130156 2.6411942875157] 	4
	[[NORMAL 0.47552825814758 0.65450849718747 -0.58778525229247] -0.42658477444273 -0.96352549156242 2.7633557568774]
	[[NORMAL 0.65450849718747 0.47552825814758 -0.58778525229247] -0.96352549156242 -0.42658477444273 2.7633557568774]
	[[NORMAL 0.47552825814758 0.34549150281253 -0.80901699437495] -0.42658477444273 -0.036474508437579 3.4270509831248]
	[[NORMAL 0.34549150281253 0.47552825814758 -0.80901699437495] -0.036474508437579 -0.42658477444273 3.4270509831248]
    ]
    [POLYGON [PLANE 0.63392701672243 0.32300194814216 -0.70271351130156 2.6904399804857] 	4
	[[NORMAL 0.65450849718747 0.47552825814758 -0.58778525229247] -0.96352549156242 -0.42658477444273 2.7633557568774]
	[[NORMAL 0.76942088429381 0.25 -0.58778525229247] -1.3082626528814 0.25 2.7633557568774]
	[[NORMAL 0.55901699437495 0.18163563200134 -0.80901699437495] -0.67705098312484 0.45509310399598 3.4270509831248]
	[[NORMAL 0.47552825814758 0.34549150281253 -0.80901699437495] -0.42658477444273 -0.036474508437579 3.4270509831248]
    ]
    [POLYGON [PLANE 0.70271351130156 0.11129888619599 -0.70271351130156 2.8333565478527] 	4
	[[NORMAL 0.76942088429381 0.25 -0.58778525229247] -1.3082626528814 0.25 2.7633557568774]
	[[NORMAL 0.80901699437495 -7.4014868308344e-17 -0.58778525229247] -1.4270509831248 1 2.7633557568774]
	[[NORMAL 0.58778525229247 -7.4014868308344e-17 -0.80901699437495] -0.76335575687742 1 3.4270509831248]
	[[NORMAL 0.55901699437495 0.18163563200134 -0.80901699437495] -0.67705098312484 0.45509310399598 3.4270509831248]
    ]
    [POLYGON [PLANE 0.70271351130156 -0.11129888619599 -0.70271351130156 3.0559543202447] 	4
	[[NORMAL 0.80901699437495 -7.4014868308344e-17 -0.58778525229247] -1.4270509831248 1 2.7633557568774]
	[[NORMAL 0.76942088429381 -0.25 -0.58778525229247] -1.3082626528814 1.75 2.7633557568774]
	[[NORMAL 0.55901699437495 -0.18163563200134 -0.80901699437495] -0.67705098312484 1.544906896004 3.4270509831248]
	[[NORMAL 0.58778525229247 -7.4014868308344e-17 -0.80901699437495] -0.76335575687742 1 3.4270509831248]
    ]
    [POLYGON [PLANE 0.63392701672243 -0.32300194814216 -0.70271351130156 3.33644387677] 	4
	[[NORMAL 0.76942088429381 -0.25 -0.58778525229247] -1.3082626528814 1.75 2.7633557568774]
	[[NORMAL 0.65450849718747 -0.47552825814758 -0.58778525229247] -0.96352549156242 2.4265847744427 2.7633557568774]
	[[NORMAL 0.47552825814758 -0.34549150281253 -0.80901699437495] -0.42658477444273 2.0364745084376 3.4270509831248]
	[[NORMAL 0.55901699437495 -0.18163563200134 -0.80901699437495] -0.67705098312484 1.544906896004 3.4270509831248]
    ]
    [POLYGON [PLANE 0.50308732891727 -0.50308732891727 -0.70271351130156 3.6473689453503] 	4
	[[NORMAL 0.65450849718747 -0.47552825814758 -0.58778525229247] -0.96352549156242 2.4265847744427 2.7633557568774]
	[[NORMAL 0.47552825814758 -0.65450849718747 -0.58778525229247] -0.42658477444273 2.9635254915624 2.7633557568774]
	[[NORMAL 0.34549150281253 -0.47552825814758 -0.80901699437495] -0.036474508437579 2.4265847744427 3.4270509831248]
	[[NORMAL 0.47552825814758 -0.34549150281253 -0.80901699437495] -0.42658477444273 2.0364745084376 3.4270509831248]
    ]
    [POLYGON [PLANE 0.32300194814216 -0.63392701672243 -0.70271351130156 3.9582940139305] 	4
	[[NORMAL 0.47552825814758 -0.65450849718747 -0.58778525229247] -0.42658477444273 2.9635254915624 2.7633557568774]
	[[NORMAL 0.25 -0.76942088429381 -0.58778525229247] 0.25 3.3082626528814 2.7633557568774]
	[[NORMAL 0.18163563200134 -0.55901699437495 -0.80901699437495] 0.45509310399598 2.6770509831248 3.4270509831248]
	[[NORMAL 0.34549150281253 -0.47552825814758 -0.80901699437495] -0.036474508437579 2.4265847744427 3.4270509831248]
    ]
    [POLYGON [PLANE 0.11129888619599 -0.70271351130156 -0.70271351130156 4.2387835704558] 	4
	[[NORMAL 0.25 -0.76942088429381 -0.58778525229247] 0.25 3.3082626528814 2.7633557568774]
	[[NORMAL -7.4014868308344e-17 -0.80901699437495 -0.58778525229247] 1 3.4270509831248 2.7633557568774]
	[[NORMAL 0 -0.58778525229247 -0.80901699437495] 1 2.7633557568774 3.4270509831248]
	[[NORMAL 0.18163563200134 -0.55901699437495 -0.80901699437495] 0.45509310399598 2.6770509831248 3.4270509831248]
    ]
    [POLYGON [PLANE -0.11129888619599 -0.70271351130156 -0.70271351130156 4.4613813428478] 	4
	[[NORMAL -7.4014868308344e-17 -0.80901699437495 -0.58778525229247] 1 3.4270509831248 2.7633557568774]
	[[NORMAL -0.25 -0.76942088429381 -0.58778525229247] 1.75 3.3082626528814 2.7633557568774]
	[[NORMAL -0.18163563200134 -0.55901699437495 -0.80901699437495] 1.544906896004 2.6770509831248 3.4270509831248]
	[[NORMAL 0 -0.58778525229247 -0.80901699437495] 1 2.7633557568774 3.4270509831248]
    ]
    [POLYGON [PLANE -0.32300194814216 -0.63392701672243 -0.70271351130156 4.6042979102149] 	4
	[[NORMAL -0.25 -0.76942088429381 -0.58778525229247] 1.75 3.3082626528814 2.7633557568774]
	[[NORMAL -0.47552825814758 -0.65450849718747 -0.58778525229247] 2.4265847744427 2.9635254915624 2.7633557568774]
	[[NORMAL -0.34549150281253 -0.47552825814758 -0.80901699437495] 2.0364745084376 2.4265847744427 3.4270509831248]
	[[NORMAL -0.18163563200134 -0.55901699437495 -0.80901699437495] 1.544906896004 2.6770509831248 3.4270509831248]
    ]
    [POLYGON [PLANE -0.50308732891727 -0.50308732891727 -0.70271351130156 4.6535436031848] 	4
	[[NORMAL -0.47552825814758 -0.65450849718747 -0.58778525229247] 2.4265847744427 2.9635254915624 2.7633557568774]
	[[NORMAL -0.65450849718747 -0.47552825814758 -0.58778525229247] 2.9635254915624 2.4265847744427 2.7633557568774]
	[[NORMAL -0.47552825814758 -0.34549150281253 -0.80901699437495] 2.4265847744427 2.0364745084376 3.4270509831248]
	[[NORMAL -0.34549150281253 -0.47552825814758 -0.80901699437495] 2.0364745084376 2.4265847744427 3.4270509831248]
    ]
    [POLYGON [PLANE -0.63392701672243 -0.32300194814216 -0.70271351130156 4.6042979102149] 	4
	[[NORMAL -0.65450849718747 -0.47552825814758 -0.58778525229247] 2.9635254915624 2.4265847744427 2.7633557568774]
	[[NORMAL -0.76942088429381 -0.25 -0.58778525229247] 3.3082626528814 1.75 2.7633557568774]
	[[NORMAL -0.55901699437495 -0.18163563200134 -0.80901699437495] 2.6770509831248 1.544906896004 3.4270509831248]
	[[NORMAL -0.47552825814758 -0.34549150281253 -0.80901699437495] 2.4265847744427 2.0364745084376 3.4270509831248]
    ]
    [POLYGON [PLANE -0.70271351130156 -0.11129888619599 -0.70271351130156 4.4613813428478] 	4
	[[NORMAL -0.76942088429381 -0.25 -0.58778525229247] 3.3082626528814 1.75 2.7633557568774]
	[[NORMAL -0.80901699437495 0 -0.58778525229247] 3.4270509831248 1 2.7633557568774]
	[[NORMAL -0.58778525229247 0 -0.80901699437495] 2.7633557568774 1 3.4270509831248]
	[[NORMAL -0.55901699437495 -0.18163563200134 -0.80901699437495] 2.6770509831248 1.544906896004 3.4270509831248]
    ]
    [POLYGON [PLANE -0.88226455385461 0.13973697758044 -0.44953624337577 4.1260571951407] 	4
	[[NORMAL -0.95105651629515 2.2204460492503e-16 -0.30901699437495] 3.8531695488855 1 1.9270509831248]
	[[NORMAL -0.90450849718747 0.29389262614624 -0.30901699437495] 3.7135254915624 0.11832212156129 1.9270509831248]
	[[NORMAL -0.76942088429381 0.25 -0.58778525229247] 3.3082626528814 0.25 2.7633557568774]
	[[NORMAL -0.80901699437495 1.8503717077086e-16 -0.58778525229247] 3.4270509831248 1 2.7633557568774]
    ]
    [POLYGON [PLANE -0.79590235222472 0.40553250377097 -0.44953624337577 3.7738994673203] 	4
	[[NORMAL -0.90450849718747 0.29389262614624 -0.30901699437495] 3.7135254915624 0.11832212156129 1.9270509831248]
	[[NORMAL -0.76942088429381 0.55901699437495 -0.30901699437495] 3.3082626528814 -0.67705098312484 1.9270509831248]
	[[NORMAL -0.65450849718747 0.47552825814758 -0.58778525229247] 2.9635254915624 -0.42658477444273 2.7633557568774]
	[[NORMAL -0.76942088429381 0.25 -0.58778525229247] 3.3082626528814 0.25 2.7633557568774]
    ]
    [POLYGON [PLANE -0.63163168298131 0.63163168298131 -0.44953624337577 3.3835296188665] 	4
	[[NORMAL -0.76942088429381 0.55901699437495 -0.30901699437495] 3.3082626528814 -0.67705098312484 1.9270509831248]
	[[NORMAL -0.55901699437495 0.76942088429381 -0.30901699437495] 2.6770509831248 -1.3082626528814 1.9270509831248]
	[[NORMAL -0.47552825814758 0.65450849718747 -0.58778525229247] 2.4265847744427 -0.96352549156242 2.7633557568774]
	[[NORMAL -0.65450849718747 0.47552825814758 -0.58778525229247] 2.9635254915624 -0.42658477444273 2.7633557568774]
    ]
    [POLYGON [PLANE -0.40553250377097 0.79590235222472 -0.44953624337577 2.9931597704128] 	4
	[[NORMAL -0.55901699437495 0.76942088429381 -0.30901699437495] 2.6770509831248 -1.3082626528814 1.9270509831248]
	[[NORMAL -0.29389262614624 0.90450849718747 -0.30901699437495] 1.8816778784387 -1.7135254915624 1.9270509831248]
	[[NORMAL -0.25 0.76942088429381 -0.58778525229247] 1.75 -1.3082626528814 2.7633557568774]
	[[NORMAL -0.47552825814758 0.65450849718747 -0.58778525229247] 2.4265847744427 -0.96352549156242 2.7633557568774]
    ]
    [POLYGON [PLANE -0.13973697758044 0.88226455385461 -0.44953624337577 2.6410020425924] 	4
	[[NORMAL -0.29389262614624 0.90450849718747 -0.30901699437495] 1.8816778784387 -1.7135254915624 1.9270509831248]
	[[NORMAL 1.8503717077086e-16 0.95105651629515 -0.30901699437495] 1 -1.8531695488855 1.9270509831248]
	[[NORMAL 1.4802973661669e-16 0.80901699437495 -0.58778525229247] 1 -1.4270509831248 2.7633557568774]
	[[NORMAL -0.25 0.76942088429381 -0.58778525229247] 1.75 -1.3082626528814 2.7633557568774]
    ]
    [POLYGON [PLANE 0.13973697758044 0.88226455385461 -0.44953624337577 2.3615280874315] 	4
	[[NORMAL 1.8503717077086e-16 0.95105651629515 -0.30901699437495] 1 -1.8531695488855 1.9270509831248]
	[[NORMAL 0.29389262614624 0.90450849718747 -0.30901699437495] 0.11832212156129 -1.7135254915624 1.9270509831248]
	[[NORMAL 0.25 0.76942088429381 -0.58778525229247] 0.25 -1.3082626528814 2.7633557568774]
	[[NORMAL 1.4802973661669e-16 0.80901699437495 -0.58778525229247] 1 -1.4270509831248 2.7633557568774]
    ]
    [POLYGON [PLANE 0.40553250377097 0.79590235222472 -0.44953624337577 2.1820947628708] 	4
	[[NORMAL 0.29389262614624 0.90450849718747 -0.30901699437495] 0.11832212156129 -1.7135254915624 1.9270509831248]
	[[NORMAL 0.55901699437495 0.76942088429381 -0.30901699437495] -0.67705098312484 -1.3082626528814 1.9270509831248]
	[[NORMAL 0.47552825814758 0.65450849718747 -0.58778525229247] -0.42658477444273 -0.96352549156242 2.7633557568774]
	[[NORMAL 0.25 0.76942088429381 -0.58778525229247] 0.25 -1.3082626528814 2.7633557568774]
    ]
    [POLYGON [PLANE 0.63163168298131 0.63163168298131 -0.44953624337577 2.1202662529039] 	4
	[[NORMAL 0.55901699437495 0.76942088429381 -0.30901699437495] -0.67705098312484 -1.3082626528814 1.9270509831248]
	[[NORMAL 0.76942088429381 0.55901699437495 -0.30901699437495] -1.3082626528814 -0.67705098312484 1.9270509831248]
	[[NORMAL 0.65450849718747 0.47552825814758 -0.58778525229247] -0.96352549156242 -0.42658477444273 2.7633557568774]
	[[NORMAL 0.47552825814758 0.65450849718747 -0.58778525229247] -0.42658477444273 -0.96352549156242 2.7633557568774]
    ]
    [POLYGON [PLANE 0.79590235222472 0.40553250377097 -0.44953624337577 2.1820947628708] 	4
	[[NORMAL 0.76942088429381 0.55901699437495 -0.30901699437495] -1.3082626528814 -0.67705098312484 1.9270509831248]
	[[NORMAL 0.90450849718747 0.29389262614624 -0.30901699437495] -1.7135254915624 0.11832212156129 1.9270509831248]
	[[NORMAL 0.76942088429381 0.25 -0.58778525229247] -1.3082626528814 0.25 2.7633557568774]
	[[NORMAL 0.65450849718747 0.47552825814758 -0.58778525229247] -0.96352549156242 -0.42658477444273 2.7633557568774]
    ]
    [POLYGON [PLANE 0.88226455385461 0.13973697758044 -0.44953624337577 2.3615280874315] 	4
	[[NORMAL 0.90450849718747 0.29389262614624 -0.30901699437495] -1.7135254915624 0.11832212156129 1.9270509831248]
	[[NORMAL 0.95105651629515 -1.4802973661669e-16 -0.30901699437495] -1.8531695488855 1 1.9270509831248]
	[[NORMAL 0.80901699437495 -7.4014868308344e-17 -0.58778525229247] -1.4270509831248 1 2.7633557568774]
	[[NORMAL 0.76942088429381 0.25 -0.58778525229247] -1.3082626528814 0.25 2.7633557568774]
    ]
    [POLYGON [PLANE 0.88226455385461 -0.13973697758044 -0.44953624337577 2.6410020425924] 	4
	[[NORMAL 0.95105651629515 -1.4802973661669e-16 -0.30901699437495] -1.8531695488855 1 1.9270509831248]
	[[NORMAL 0.90450849718747 -0.29389262614624 -0.30901699437495] -1.7135254915624 1.8816778784387 1.9270509831248]
	[[NORMAL 0.76942088429381 -0.25 -0.58778525229247] -1.3082626528814 1.75 2.7633557568774]
	[[NORMAL 0.80901699437495 -7.4014868308344e-17 -0.58778525229247] -1.4270509831248 1 2.7633557568774]
    ]
    [POLYGON [PLANE 0.79590235222472 -0.40553250377097 -0.44953624337577 2.9931597704128] 	4
	[[NORMAL 0.90450849718747 -0.29389262614624 -0.30901699437495] -1.7135254915624 1.8816778784387 1.9270509831248]
	[[NORMAL 0.76942088429381 -0.55901699437495 -0.30901699437495] -1.3082626528814 2.6770509831248 1.9270509831248]
	[[NORMAL 0.65450849718747 -0.47552825814758 -0.58778525229247] -0.96352549156242 2.4265847744427 2.7633557568774]
	[[NORMAL 0.76942088429381 -0.25 -0.58778525229247] -1.3082626528814 1.75 2.7633557568774]
    ]
    [POLYGON [PLANE 0.63163168298131 -0.63163168298131 -0.44953624337577 3.3835296188665] 	4
	[[NORMAL 0.76942088429381 -0.55901699437495 -0.30901699437495] -1.3082626528814 2.6770509831248 1.9270509831248]
	[[NORMAL 0.55901699437495 -0.76942088429381 -0.30901699437495] -0.67705098312484 3.3082626528814 1.9270509831248]
	[[NORMAL 0.47552825814758 -0.65450849718747 -0.58778525229247] -0.42658477444273 2.9635254915624 2.7633557568774]
	[[NORMAL 0.65450849718747 -0.47552825814758 -0.58778525229247] -0.96352549156242 2.4265847744427 2.7633557568774]
    ]
    [POLYGON [PLANE 0.40553250377097 -0.79590235222472 -0.44953624337577 3.7738994673203] 	4
	[[NORMAL 0.55901699437495 -0.76942088429381 -0.30901699437495] -0.67705098312484 3.3082626528814 1.9270509831248]
	[[NORMAL 0.29389262614624 -0.90450849718747 -0.30901699437495] 0.11832212156129 3.7135254915624 1.9270509831248]
	[[NORMAL 0.25 -0.76942088429381 -0.58778525229247] 0.25 3.3082626528814 2.7633557568774]
	[[NORMAL 0.47552825814758 -0.65450849718747 -0.58778525229247] -0.42658477444273 2.9635254915624 2.7633557568774]
    ]
    [POLYGON [PLANE 0.13973697758044 -0.88226455385461 -0.44953624337577 4.1260571951407] 	4
	[[NORMAL 0.29389262614624 -0.90450849718747 -0.30901699437495] 0.11832212156129 3.7135254915624 1.9270509831248]
	[[NORMAL -7.4014868308344e-17 -0.95105651629515 -0.30901699437495] 1 3.8531695488855 1.9270509831248]
	[[NORMAL -7.4014868308344e-17 -0.80901699437495 -0.58778525229247] 1 3.4270509831248 2.7633557568774]
	[[NORMAL 0.25 -0.76942088429381 -0.58778525229247] 0.25 3.3082626528814 2.7633557568774]
    ]
    [POLYGON [PLANE -0.13973697758044 -0.88226455385461 -0.44953624337577 4.4055311503016] 	4
	[[NORMAL -7.4014868308344e-17 -0.95105651629515 -0.30901699437495] 1 3.8531695488855 1.9270509831248]
	[[NORMAL -0.29389262614624 -0.90450849718747 -0.30901699437495] 1.8816778784387 3.7135254915624 1.9270509831248]
	[[NORMAL -0.25 -0.76942088429381 -0.58778525229247] 1.75 3.3082626528814 2.7633557568774]
	[[NORMAL -7.4014868308344e-17 -0.80901699437495 -0.58778525229247] 1 3.4270509831248 2.7633557568774]
    ]
    [POLYGON [PLANE -0.40553250377097 -0.79590235222472 -0.44953624337577 4.5849644748622] 	4
	[[NORMAL -0.29389262614624 -0.90450849718747 -0.30901699437495] 1.8816778784387 3.7135254915624 1.9270509831248]
	[[NORMAL -0.55901699437495 -0.76942088429381 -0.30901699437495] 2.6770509831248 3.3082626528814 1.9270509831248]
	[[NORMAL -0.47552825814758 -0.65450849718747 -0.58778525229247] 2.4265847744427 2.9635254915624 2.7633557568774]
	[[NORMAL -0.25 -0.76942088429381 -0.58778525229247] 1.75 3.3082626528814 2.7633557568774]
    ]
    [POLYGON [PLANE -0.63163168298131 -0.63163168298131 -0.44953624337577 4.6467929848291] 	4
	[[NORMAL -0.55901699437495 -0.76942088429381 -0.30901699437495] 2.6770509831248 3.3082626528814 1.9270509831248]
	[[NORMAL -0.76942088429381 -0.55901699437495 -0.30901699437495] 3.3082626528814 2.6770509831248 1.9270509831248]
	[[NORMAL -0.65450849718747 -0.47552825814758 -0.58778525229247] 2.9635254915624 2.4265847744427 2.7633557568774]
	[[NORMAL -0.47552825814758 -0.65450849718747 -0.58778525229247] 2.4265847744427 2.9635254915624 2.7633557568774]
    ]
    [POLYGON [PLANE -0.79590235222472 -0.40553250377097 -0.44953624337577 4.5849644748622] 	4
	[[NORMAL -0.76942088429381 -0.55901699437495 -0.30901699437495] 3.3082626528814 2.6770509831248 1.9270509831248]
	[[NORMAL -0.90450849718747 -0.29389262614624 -0.30901699437495] 3.7135254915624 1.8816778784387 1.9270509831248]
	[[NORMAL -0.76942088429381 -0.25 -0.58778525229247] 3.3082626528814 1.75 2.7633557568774]
	[[NORMAL -0.65450849718747 -0.47552825814758 -0.58778525229247] 2.9635254915624 2.4265847744427 2.7633557568774]
    ]
    [POLYGON [PLANE -0.88226455385461 -0.13973697758044 -0.44953624337577 4.4055311503016] 	4
	[[NORMAL -0.90450849718747 -0.29389262614624 -0.30901699437495] 3.7135254915624 1.8816778784387 1.9270509831248]
	[[NORMAL -0.95105651629515 0 -0.30901699437495] 3.8531695488855 1 1.9270509831248]
	[[NORMAL -0.80901699437495 0 -0.58778525229247] 3.4270509831248 1 2.7633557568774]
	[[NORMAL -0.76942088429381 -0.25 -0.58778525229247] 3.3082626528814 1.75 2.7633557568774]
    ]
    [POLYGON [PLANE -0.97582049483787 0.15455478293211 -0.15455478293211 3.9032819793515] 	4
	[[NORMAL -1 2.590520390792e-16 0] 4 1 1]
	[[NORMAL -0.95105651629515 0.30901699437495 0] 3.8531695488855 0.072949016875157 1]
	[[NORMAL -0.90450849718747 0.29389262614624 -0.30901699437495] 3.7135254915624 0.11832212156129 1.9270509831248]
	[[NORMAL -0.95105651629515 2.2204460492503e-16 -0.30901699437495] 3.8531695488855 1 1.9270509831248]
    ]
    [POLYGON [PLANE -0.88030038586196 0.44853544979644 -0.15455478293211 3.5137812035112] 	4
	[[NORMAL -0.95105651629515 0.30901699437495 0] 3.8531695488855 0.072949016875157 1]
	[[NORMAL -0.80901699437495 0.58778525229247 0] 3.4270509831248 -0.76335575687742 1]
	[[NORMAL -0.76942088429381 0.55901699437495 -0.30901699437495] 3.3082626528814 -0.67705098312484 1.9270509831248]
	[[NORMAL -0.90450849718747 0.29389262614624 -0.30901699437495] 3.7135254915624 0.11832212156129 1.9270509831248]
    ]
    [POLYGON [PLANE -0.69861034170445 0.69861034170445 -0.15455478293211 3.0820162674457] 	4
	[[NORMAL -0.80901699437495 0.58778525229247 0] 3.4270509831248 -0.76335575687742 1]
	[[NORMAL -0.58778525229247 0.80901699437495 0] 2.7633557568774 -1.4270509831248 1]
	[[NORMAL -0.55901699437495 0.76942088429381 -0.30901699437495] 2.6770509831248 -1.3082626528814 1.9270509831248]
	[[NORMAL -0.76942088429381 0.55901699437495 -0.30901699437495] 3.3082626528814 -0.67705098312484 1.9270509831248]
    ]
    [POLYGON [PLANE -0.44853544979643 0.88030038586196 -0.15455478293211 2.6502513313802] 	4
	[[NORMAL -0.58778525229247 0.80901699437495 0] 2.7633557568774 -1.4270509831248 1]
	[[NORMAL -0.30901699437495 0.95105651629515 0] 1.9270509831248 -1.8531695488855 1]
	[[NORMAL -0.29389262614624 0.90450849718747 -0.30901699437495] 1.8816778784387 -1.7135254915624 1.9270509831248]
	[[NORMAL -0.55901699437495 0.76942088429381 -0.30901699437495] 2.6770509831248 -1.3082626528814 1.9270509831248]
    ]
